"DATA_YEAR","NIBRS_MONTH_ID","AGENCY_ID","MONTH_NUM","DATA_YEAR","REPORTED_STATUS","REPORT_DATE","UPDATE_FLAG","ORIG_FORMAT","DATA_HOME","DDOCNAME","DID","MONTH_PUB_STATUS"
2016,7145882,20987,1,2016,"I",,"N","F","C","2016_01_WI0140900_NIBRS",,0
2016,7168666,20987,2,2016,"I",,"N","F","C","2016_02_WI0140900_NIBRS",,0
2016,7191450,20987,3,2016,"I",,"N","F","C","2016_03_WI0140900_NIBRS",,0
2016,7214234,20987,4,2016,"I",,"N","F","C","2016_04_WI0140900_NIBRS",,0
2016,7237018,20987,5,2016,"I",,"Y","F","C","2016_05_WI0140900_NIBRS",1315040,0
2016,7259802,20987,6,2016,"I",,"N","F","C","2016_06_WI0140900_NIBRS",,0
2016,7282586,20987,7,2016,"I",,"Y","F","C","2016_07_WI0140900_NIBRS",1314726,0
2016,7305370,20987,8,2016,"I",,"N","F","C","2016_08_WI0140900_NIBRS",15710040,0
2016,7328154,20987,9,2016,"I",,"Y","F","C","2016_09_WI0140900_NIBRS",1315122,0
2016,7350938,20987,10,2016,"I",,"Y","F","C","2016_10_WI0140900_NIBRS",1314842,0
2016,7373722,20987,11,2016,"I",,"Y","F","C","2016_11_WI0140900_NIBRS",6568764,0
2016,7396506,20987,12,2016,"I",,"N","F","C","2016_12_WI0140900_NIBRS",1315196,0
2016,7146089,21194,1,2016,"U",,"N","F","C","2016_01_WI0520100_NIBRS",,0
2016,7168873,21194,2,2016,"U",,"N","F","C","2016_02_WI0520100_NIBRS",,0
2016,7191657,21194,3,2016,"U",,"N","F","C","2016_03_WI0520100_NIBRS",,0
2016,7214441,21194,4,2016,"U",,"N","F","C","2016_04_WI0520100_NIBRS",,0
2016,7237225,21194,5,2016,"U",,"N","F","C","2016_05_WI0520100_NIBRS",,0
2016,7260009,21194,6,2016,"U",,"N","F","C","2016_06_WI0520100_NIBRS",,0
2016,7282793,21194,7,2016,"U",,"N","F","C","2016_07_WI0520100_NIBRS",,0
2016,7305577,21194,8,2016,"U",,"N","F","C","2016_08_WI0520100_NIBRS",,0
2016,7328361,21194,9,2016,"U",,"N","F","C","2016_09_WI0520100_NIBRS",,0
2016,7351145,21194,10,2016,"U",,"N","F","C","2016_10_WI0520100_NIBRS",,0
2016,7373929,21194,11,2016,"U",,"N","F","C","2016_11_WI0520100_NIBRS",,0
2016,7396713,21194,12,2016,"U",,"N","F","C","2016_12_WI0520100_NIBRS",,0
2016,7145840,20945,1,2016,"U",,"N","F","C","2016_01_WI0110100_NIBRS",,0
2016,7168624,20945,2,2016,"U",,"N","F","C","2016_02_WI0110100_NIBRS",,0
2016,7191408,20945,3,2016,"U",,"N","F","C","2016_03_WI0110100_NIBRS",,0
2016,7214192,20945,4,2016,"U",,"N","F","C","2016_04_WI0110100_NIBRS",,0
2016,7236976,20945,5,2016,"U",,"N","F","C","2016_05_WI0110100_NIBRS",,0
2016,7259760,20945,6,2016,"U",,"N","F","C","2016_06_WI0110100_NIBRS",,0
2016,7282544,20945,7,2016,"U",,"N","F","C","2016_07_WI0110100_NIBRS",,0
2016,7305328,20945,8,2016,"U",,"N","F","C","2016_08_WI0110100_NIBRS",,0
2016,7328112,20945,9,2016,"U",,"N","F","C","2016_09_WI0110100_NIBRS",,0
2016,7350896,20945,10,2016,"U",,"N","F","C","2016_10_WI0110100_NIBRS",,0
2016,7373680,20945,11,2016,"U",,"N","F","C","2016_11_WI0110100_NIBRS",,0
2016,7396464,20945,12,2016,"U",,"N","F","C","2016_12_WI0110100_NIBRS",,0
2016,7146062,21167,1,2016,"U",,"N","F","C","2016_01_WI0460200_NIBRS",,0
2016,7168846,21167,2,2016,"U",,"N","F","C","2016_02_WI0460200_NIBRS",,0
2016,7191630,21167,3,2016,"U",,"N","F","C","2016_03_WI0460200_NIBRS",,0
2016,7214414,21167,4,2016,"U",,"N","F","C","2016_04_WI0460200_NIBRS",,0
2016,7237198,21167,5,2016,"U",,"N","F","C","2016_05_WI0460200_NIBRS",,0
2016,7259982,21167,6,2016,"U",,"N","F","C","2016_06_WI0460200_NIBRS",,0
2016,7282766,21167,7,2016,"U",,"N","F","C","2016_07_WI0460200_NIBRS",,0
2016,7305550,21167,8,2016,"U",,"N","F","C","2016_08_WI0460200_NIBRS",,0
2016,7328334,21167,9,2016,"U",,"N","F","C","2016_09_WI0460200_NIBRS",,0
2016,7351118,21167,10,2016,"U",,"N","F","C","2016_10_WI0460200_NIBRS",,0
2016,7373902,21167,11,2016,"U",,"N","F","C","2016_11_WI0460200_NIBRS",,0
2016,7396686,21167,12,2016,"U",,"N","F","C","2016_12_WI0460200_NIBRS",,0
2016,7145926,21031,1,2016,"U",,"N","F","C","2016_01_WI0240000_NIBRS",,0
2016,7168710,21031,2,2016,"U",,"N","F","C","2016_02_WI0240000_NIBRS",,0
2016,7191494,21031,3,2016,"U",,"N","F","C","2016_03_WI0240000_NIBRS",,0
2016,7214278,21031,4,2016,"U",,"N","F","C","2016_04_WI0240000_NIBRS",,0
2016,7237062,21031,5,2016,"U",,"N","F","C","2016_05_WI0240000_NIBRS",,0
2016,7259846,21031,6,2016,"U",,"N","F","C","2016_06_WI0240000_NIBRS",,0
2016,7282630,21031,7,2016,"U",,"N","F","C","2016_07_WI0240000_NIBRS",,0
2016,7305414,21031,8,2016,"U",,"N","F","C","2016_08_WI0240000_NIBRS",,0
2016,7328198,21031,9,2016,"U",,"N","F","C","2016_09_WI0240000_NIBRS",,0
2016,7350982,21031,10,2016,"U",,"N","F","C","2016_10_WI0240000_NIBRS",,0
2016,7373766,21031,11,2016,"U",,"N","F","C","2016_11_WI0240000_NIBRS",,0
2016,7396550,21031,12,2016,"U",,"N","F","C","2016_12_WI0240000_NIBRS",,0
2016,7145969,21074,1,2016,"I",,"Y","F","C","2016_01_WI0320700_NIBRS",4890552,0
2016,7168753,21074,2,2016,"I",,"N","F","C","2016_02_WI0320700_NIBRS",,0
2016,7191537,21074,3,2016,"I",,"Y","F","C","2016_03_WI0320700_NIBRS",6593903,0
2016,7214321,21074,4,2016,"I",,"Y","F","C","2016_04_WI0320700_NIBRS",,0
2016,7237105,21074,5,2016,"I",,"Y","F","C","2016_05_WI0320700_NIBRS",4890690,0
2016,7259889,21074,6,2016,"I",,"Y","F","C","2016_06_WI0320700_NIBRS",15736418,0
2016,7282673,21074,7,2016,"I",,"N","F","C","2016_07_WI0320700_NIBRS",,0
2016,7305457,21074,8,2016,"I",,"N","F","C","2016_08_WI0320700_NIBRS",2349191,0
2016,7328241,21074,9,2016,"I",,"N","F","C","2016_09_WI0320700_NIBRS",,0
2016,7351025,21074,10,2016,"I",,"Y","F","C","2016_10_WI0320700_NIBRS",6593743,0
2016,7373809,21074,11,2016,"I",,"Y","F","C","2016_11_WI0320700_NIBRS",2349032,0
2016,7396593,21074,12,2016,"I",,"Y","F","C","2016_12_WI0320700_NIBRS",3737854,0
2016,7146155,21260,1,2016,"U",,"N","F","C","2016_01_WI0650100_NIBRS",,0
2016,7168939,21260,2,2016,"U",,"N","F","C","2016_02_WI0650100_NIBRS",,0
2016,7191723,21260,3,2016,"U",,"N","F","C","2016_03_WI0650100_NIBRS",,0
2016,7214507,21260,4,2016,"U",,"N","F","C","2016_04_WI0650100_NIBRS",,0
2016,7237291,21260,5,2016,"U",,"N","F","C","2016_05_WI0650100_NIBRS",,0
2016,7260075,21260,6,2016,"U",,"N","F","C","2016_06_WI0650100_NIBRS",,0
2016,7282859,21260,7,2016,"U",,"N","F","C","2016_07_WI0650100_NIBRS",,0
2016,7305643,21260,8,2016,"U",,"N","F","C","2016_08_WI0650100_NIBRS",,0
2016,7328427,21260,9,2016,"U",,"N","F","C","2016_09_WI0650100_NIBRS",,0
2016,7351211,21260,10,2016,"U",,"N","F","C","2016_10_WI0650100_NIBRS",,0
2016,7373995,21260,11,2016,"U",,"N","F","C","2016_11_WI0650100_NIBRS",,0
2016,7396779,21260,12,2016,"U",,"N","F","C","2016_12_WI0650100_NIBRS",,0
2016,7146064,21169,1,2016,"U",,"N","F","C","2016_01_WI0460400_NIBRS",,0
2016,7168848,21169,2,2016,"U",,"N","F","C","2016_02_WI0460400_NIBRS",,0
2016,7191632,21169,3,2016,"U",,"N","F","C","2016_03_WI0460400_NIBRS",,0
2016,7214416,21169,4,2016,"U",,"N","F","C","2016_04_WI0460400_NIBRS",,0
2016,7237200,21169,5,2016,"U",,"N","F","C","2016_05_WI0460400_NIBRS",,0
2016,7259984,21169,6,2016,"U",,"N","F","C","2016_06_WI0460400_NIBRS",,0
2016,7282768,21169,7,2016,"U",,"N","F","C","2016_07_WI0460400_NIBRS",,0
2016,7305552,21169,8,2016,"U",,"N","F","C","2016_08_WI0460400_NIBRS",,0
2016,7328336,21169,9,2016,"U",,"N","F","C","2016_09_WI0460400_NIBRS",,0
2016,7351120,21169,10,2016,"U",,"N","F","C","2016_10_WI0460400_NIBRS",,0
2016,7373904,21169,11,2016,"U",,"N","F","C","2016_11_WI0460400_NIBRS",,0
2016,7396688,21169,12,2016,"U",,"N","F","C","2016_12_WI0460400_NIBRS",,0
2016,7146063,21168,1,2016,"U",,"N","F","C","2016_01_WI0460300_NIBRS",,0
2016,7168847,21168,2,2016,"U",,"N","F","C","2016_02_WI0460300_NIBRS",,0
2016,7191631,21168,3,2016,"U",,"N","F","C","2016_03_WI0460300_NIBRS",,0
2016,7214415,21168,4,2016,"U",,"N","F","C","2016_04_WI0460300_NIBRS",,0
2016,7237199,21168,5,2016,"U",,"N","F","C","2016_05_WI0460300_NIBRS",,0
2016,7259983,21168,6,2016,"U",,"N","F","C","2016_06_WI0460300_NIBRS",,0
2016,7282767,21168,7,2016,"U",,"N","F","C","2016_07_WI0460300_NIBRS",,0
2016,7305551,21168,8,2016,"U",,"N","F","C","2016_08_WI0460300_NIBRS",,0
2016,7328335,21168,9,2016,"U",,"N","F","C","2016_09_WI0460300_NIBRS",,0
2016,7351119,21168,10,2016,"U",,"N","F","C","2016_10_WI0460300_NIBRS",,0
2016,7373903,21168,11,2016,"U",,"N","F","C","2016_11_WI0460300_NIBRS",,0
2016,7396687,21168,12,2016,"U",,"N","F","C","2016_12_WI0460300_NIBRS",,0
2016,7146001,21106,1,2016,"U",,"N","F","C","2016_01_WI0380100_NIBRS",,0
2016,7168785,21106,2,2016,"U",,"N","F","C","2016_02_WI0380100_NIBRS",,0
2016,7191569,21106,3,2016,"U",,"N","F","C","2016_03_WI0380100_NIBRS",,0
2016,7214353,21106,4,2016,"U",,"N","F","C","2016_04_WI0380100_NIBRS",,0
2016,7237137,21106,5,2016,"U",,"N","F","C","2016_05_WI0380100_NIBRS",,0
2016,7259921,21106,6,2016,"U",,"N","F","C","2016_06_WI0380100_NIBRS",,0
2016,7282705,21106,7,2016,"U",,"N","F","C","2016_07_WI0380100_NIBRS",,0
2016,7305489,21106,8,2016,"U",,"N","F","C","2016_08_WI0380100_NIBRS",,0
2016,7328273,21106,9,2016,"U",,"N","F","C","2016_09_WI0380100_NIBRS",,0
2016,7351057,21106,10,2016,"U",,"N","F","C","2016_10_WI0380100_NIBRS",,0
2016,7373841,21106,11,2016,"U",,"N","F","C","2016_11_WI0380100_NIBRS",,0
2016,7396625,21106,12,2016,"U",,"N","F","C","2016_12_WI0380100_NIBRS",,0
2016,7145807,20912,1,2016,"U",,"N","F","C","2016_01_WI0040000_NIBRS",,0
2016,7168591,20912,2,2016,"U",,"N","F","C","2016_02_WI0040000_NIBRS",,0
2016,7191375,20912,3,2016,"U",,"N","F","C","2016_03_WI0040000_NIBRS",,0
2016,7214159,20912,4,2016,"U",,"N","F","C","2016_04_WI0040000_NIBRS",,0
2016,7236943,20912,5,2016,"U",,"N","F","C","2016_05_WI0040000_NIBRS",,0
2016,7259727,20912,6,2016,"U",,"N","F","C","2016_06_WI0040000_NIBRS",,0
2016,7282511,20912,7,2016,"U",,"N","F","C","2016_07_WI0040000_NIBRS",,0
2016,7305295,20912,8,2016,"U",,"N","F","C","2016_08_WI0040000_NIBRS",,0
2016,7328079,20912,9,2016,"U",,"N","F","C","2016_09_WI0040000_NIBRS",,0
2016,7350863,20912,10,2016,"U",,"N","F","C","2016_10_WI0040000_NIBRS",,0
2016,7373647,20912,11,2016,"U",,"N","F","C","2016_11_WI0040000_NIBRS",,0
2016,7396431,20912,12,2016,"U",,"N","F","C","2016_12_WI0040000_NIBRS",,0
2016,7145983,21088,1,2016,"I",,"Y","F","C","2016_01_WI0360200_NIBRS",1324739,0
2016,7168767,21088,2,2016,"I",,"Y","F","C","2016_02_WI0360200_NIBRS",17177462,0
2016,7191551,21088,3,2016,"I",,"N","F","C","2016_03_WI0360200_NIBRS",,0
2016,7214335,21088,4,2016,"I",,"Y","F","C","2016_04_WI0360200_NIBRS",3738535,0
2016,7237119,21088,5,2016,"I",,"N","F","C","2016_05_WI0360200_NIBRS",,0
2016,7259903,21088,6,2016,"I",,"Y","F","C","2016_06_WI0360200_NIBRS",8588469,0
2016,7282687,21088,7,2016,"I",,"Y","F","C","2016_07_WI0360200_NIBRS",1324934,0
2016,7305471,21088,8,2016,"I",,"Y","F","C","2016_08_WI0360200_NIBRS",6939079,0
2016,7328255,21088,9,2016,"I",,"Y","F","C","2016_09_WI0360200_NIBRS",1325037,0
2016,7351039,21088,10,2016,"I",,"Y","F","C","2016_10_WI0360200_NIBRS",3738610,0
2016,7373823,21088,11,2016,"I",,"Y","F","C","2016_11_WI0360200_NIBRS",3738677,0
2016,7396607,21088,12,2016,"I",,"Y","F","C","2016_12_WI0360200_NIBRS",17177513,0
2016,7145976,21081,1,2016,"U",,"N","F","C","2016_01_WI0340000_NIBRS",,0
2016,7168760,21081,2,2016,"U",,"N","F","C","2016_02_WI0340000_NIBRS",,0
2016,7191544,21081,3,2016,"U",,"N","F","C","2016_03_WI0340000_NIBRS",,0
2016,7214328,21081,4,2016,"U",,"N","F","C","2016_04_WI0340000_NIBRS",,0
2016,7237112,21081,5,2016,"U",,"N","F","C","2016_05_WI0340000_NIBRS",,0
2016,7259896,21081,6,2016,"U",,"N","F","C","2016_06_WI0340000_NIBRS",,0
2016,7282680,21081,7,2016,"U",,"N","F","C","2016_07_WI0340000_NIBRS",,0
2016,7305464,21081,8,2016,"U",,"N","F","C","2016_08_WI0340000_NIBRS",,0
2016,7328248,21081,9,2016,"U",,"N","F","C","2016_09_WI0340000_NIBRS",,0
2016,7351032,21081,10,2016,"U",,"N","F","C","2016_10_WI0340000_NIBRS",,0
2016,7373816,21081,11,2016,"U",,"N","F","C","2016_11_WI0340000_NIBRS",,0
2016,7396600,21081,12,2016,"U",,"N","F","C","2016_12_WI0340000_NIBRS",,0
2016,7145847,20952,1,2016,"U",,"N","F","C","2016_01_WI0120000_NIBRS",,0
2016,7168631,20952,2,2016,"U",,"N","F","C","2016_02_WI0120000_NIBRS",,0
2016,7191415,20952,3,2016,"U",,"N","F","C","2016_03_WI0120000_NIBRS",,0
2016,7214199,20952,4,2016,"U",,"N","F","C","2016_04_WI0120000_NIBRS",,0
2016,7236983,20952,5,2016,"U",,"N","F","C","2016_05_WI0120000_NIBRS",,0
2016,7259767,20952,6,2016,"U",,"N","F","C","2016_06_WI0120000_NIBRS",,0
2016,7282551,20952,7,2016,"U",,"N","F","C","2016_07_WI0120000_NIBRS",,0
2016,7305335,20952,8,2016,"U",,"N","F","C","2016_08_WI0120000_NIBRS",,0
2016,7328119,20952,9,2016,"U",,"N","F","C","2016_09_WI0120000_NIBRS",,0
2016,7350903,20952,10,2016,"U",,"N","F","C","2016_10_WI0120000_NIBRS",,0
2016,7373687,20952,11,2016,"U",,"N","F","C","2016_11_WI0120000_NIBRS",,0
2016,7396471,20952,12,2016,"U",,"N","F","C","2016_12_WI0120000_NIBRS",,0
2016,7146156,21261,1,2016,"U",,"N","F","C","2016_01_WI0650200_NIBRS",,0
2016,7168940,21261,2,2016,"U",,"N","F","C","2016_02_WI0650200_NIBRS",,0
2016,7191724,21261,3,2016,"U",,"N","F","C","2016_03_WI0650200_NIBRS",,0
2016,7214508,21261,4,2016,"U",,"N","F","C","2016_04_WI0650200_NIBRS",,0
2016,7237292,21261,5,2016,"U",,"N","F","C","2016_05_WI0650200_NIBRS",,0
2016,7260076,21261,6,2016,"U",,"N","F","C","2016_06_WI0650200_NIBRS",,0
2016,7282860,21261,7,2016,"U",,"N","F","C","2016_07_WI0650200_NIBRS",,0
2016,7305644,21261,8,2016,"U",,"N","F","C","2016_08_WI0650200_NIBRS",,0
2016,7328428,21261,9,2016,"U",,"N","F","C","2016_09_WI0650200_NIBRS",,0
2016,7351212,21261,10,2016,"U",,"N","F","C","2016_10_WI0650200_NIBRS",,0
2016,7373996,21261,11,2016,"U",,"N","F","C","2016_11_WI0650200_NIBRS",,0
2016,7396780,21261,12,2016,"U",,"N","F","C","2016_12_WI0650200_NIBRS",,0
2016,7146085,21190,1,2016,"I",,"N","F","C","2016_01_WI0510000_NIBRS",,0
2016,7168869,21190,2,2016,"I",,"N","F","C","2016_02_WI0510000_NIBRS",,0
2016,7191653,21190,3,2016,"I",,"N","F","C","2016_03_WI0510000_NIBRS",,0
2016,7214437,21190,4,2016,"I",,"N","F","C","2016_04_WI0510000_NIBRS",1380594,0
2016,7237221,21190,5,2016,"I",,"N","F","C","2016_05_WI0510000_NIBRS",,0
2016,7260005,21190,6,2016,"I",,"N","F","C","2016_06_WI0510000_NIBRS",1380637,0
2016,7282789,21190,7,2016,"I",,"N","F","C","2016_07_WI0510000_NIBRS",1380473,0
2016,7305573,21190,8,2016,"I",,"Y","F","C","2016_08_WI0510000_NIBRS",1380423,0
2016,7328357,21190,9,2016,"I",,"N","F","C","2016_09_WI0510000_NIBRS",1380531,0
2016,7351141,21190,10,2016,"I",,"N","F","C","2016_10_WI0510000_NIBRS",1380563,0
2016,7373925,21190,11,2016,"I",,"N","F","C","2016_11_WI0510000_NIBRS",6637769,0
2016,7396709,21190,12,2016,"I",,"N","F","C","2016_12_WI0510000_NIBRS",2373477,0
2016,7146004,21109,1,2016,"I",,"Y","F","C","2016_01_WI0390000_NIBRS",15739284,0
2016,7168788,21109,2,2016,"I",,"Y","F","C","2016_02_WI0390000_NIBRS",15739380,0
2016,7191572,21109,3,2016,"I",,"Y","F","C","2016_03_WI0390000_NIBRS",15739420,0
2016,7214356,21109,4,2016,"I",,"Y","F","C","2016_04_WI0390000_NIBRS",15739451,0
2016,7237140,21109,5,2016,"I",,"Y","F","C","2016_05_WI0390000_NIBRS",15739496,0
2016,7259924,21109,6,2016,"I",,"Y","F","C","2016_06_WI0390000_NIBRS",15739551,0
2016,7282708,21109,7,2016,"I",,"Y","F","C","2016_07_WI0390000_NIBRS",3739103,0
2016,7305492,21109,8,2016,"I",,"Y","F","C","2016_08_WI0390000_NIBRS",15739574,0
2016,7328276,21109,9,2016,"I",,"Y","F","C","2016_09_WI0390000_NIBRS",15739659,0
2016,7351060,21109,10,2016,"I",,"Y","F","C","2016_10_WI0390000_NIBRS",6600193,0
2016,7373844,21109,11,2016,"I",,"Y","F","C","2016_11_WI0390000_NIBRS",15739728,0
2016,7396628,21109,12,2016,"I",,"Y","F","C","2016_12_WI0390000_NIBRS",15739855,0
2016,7146196,21301,1,2016,"U",,"N","F","C","2016_01_WI0682000_NIBRS",,0
2016,7168980,21301,2,2016,"U",,"N","F","C","2016_02_WI0682000_NIBRS",,0
2016,7191764,21301,3,2016,"U",,"N","F","C","2016_03_WI0682000_NIBRS",,0
2016,7214548,21301,4,2016,"U",,"N","F","C","2016_04_WI0682000_NIBRS",,0
2016,7237332,21301,5,2016,"U",,"N","F","C","2016_05_WI0682000_NIBRS",,0
2016,7260116,21301,6,2016,"U",,"N","F","C","2016_06_WI0682000_NIBRS",,0
2016,7282900,21301,7,2016,"U",,"N","F","C","2016_07_WI0682000_NIBRS",,0
2016,7305684,21301,8,2016,"U",,"N","F","C","2016_08_WI0682000_NIBRS",,0
2016,7328468,21301,9,2016,"U",,"N","F","C","2016_09_WI0682000_NIBRS",,0
2016,7351252,21301,10,2016,"U",,"N","F","C","2016_10_WI0682000_NIBRS",,0
2016,7374036,21301,11,2016,"U",,"N","F","C","2016_11_WI0682000_NIBRS",,0
2016,7396820,21301,12,2016,"U",,"N","F","C","2016_12_WI0682000_NIBRS",,0
2016,7146126,21231,1,2016,"U",,"N","F","C","2016_01_WI0590100_NIBRS",,0
2016,7168910,21231,2,2016,"U",,"N","F","C","2016_02_WI0590100_NIBRS",,0
2016,7191694,21231,3,2016,"U",,"N","F","C","2016_03_WI0590100_NIBRS",,0
2016,7214478,21231,4,2016,"U",,"N","F","C","2016_04_WI0590100_NIBRS",,0
2016,7237262,21231,5,2016,"U",,"N","F","C","2016_05_WI0590100_NIBRS",,0
2016,7260046,21231,6,2016,"U",,"N","F","C","2016_06_WI0590100_NIBRS",,0
2016,7282830,21231,7,2016,"U",,"N","F","C","2016_07_WI0590100_NIBRS",,0
2016,7146226,21331,1,2016,"I",,"Y","F","C","2016_01_WIMPD0000_NIBRS",7746581,0
2016,7169010,21331,2,2016,"I",,"Y","F","C","2016_02_WIMPD0000_NIBRS",9938884,0
2016,7191794,21331,3,2016,"I",,"Y","F","C","2016_03_WIMPD0000_NIBRS",9939309,0
2016,7214578,21331,4,2016,"I",,"Y","F","C","2016_04_WIMPD0000_NIBRS",9939768,0
2016,7237362,21331,5,2016,"I",,"Y","F","C","2016_05_WIMPD0000_NIBRS",9940298,0
2016,7260146,21331,6,2016,"I",,"Y","F","C","2016_06_WIMPD0000_NIBRS",9940647,0
2016,7282930,21331,7,2016,"I",,"Y","F","C","2016_07_WIMPD0000_NIBRS",9940987,0
2016,7305714,21331,8,2016,"I",,"Y","F","C","2016_08_WIMPD0000_NIBRS",9941679,0
2016,7328498,21331,9,2016,"I",,"Y","F","C","2016_09_WIMPD0000_NIBRS",9942455,0
2016,7351282,21331,10,2016,"I",,"Y","F","C","2016_10_WIMPD0000_NIBRS",9942893,0
2016,7374066,21331,11,2016,"I",,"Y","F","C","2016_11_WIMPD0000_NIBRS",9943060,0
2016,7396850,21331,12,2016,"I",,"Y","F","C","2016_12_WIMPD0000_NIBRS",9943208,0
2016,7145849,20954,1,2016,"I",,"Y","F","C","2016_01_WI0130000_NIBRS",4896375,0
2016,7168633,20954,2,2016,"I",,"Y","F","C","2016_02_WI0130000_NIBRS",4895010,0
2016,7191417,20954,3,2016,"I",,"Y","F","C","2016_03_WI0130000_NIBRS",9857988,0
2016,7214201,20954,4,2016,"I",,"Y","F","C","2016_04_WI0130000_NIBRS",9859809,0
2016,7236985,20954,5,2016,"I",,"Y","F","C","2016_05_WI0130000_NIBRS",6545830,0
2016,7259769,20954,6,2016,"I",,"Y","F","C","2016_06_WI0130000_NIBRS",6545965,0
2016,7282553,20954,7,2016,"I",,"Y","F","C","2016_07_WI0130000_NIBRS",4896078,0
2016,7305337,20954,8,2016,"I",,"Y","F","C","2016_08_WI0130000_NIBRS",9858075,0
2016,7328121,20954,9,2016,"I",,"Y","F","C","2016_09_WI0130000_NIBRS",4896233,0
2016,7350905,20954,10,2016,"I",,"Y","F","C","2016_10_WI0130000_NIBRS",9859968,0
2016,7373689,20954,11,2016,"I",,"Y","F","C","2016_11_WI0130000_NIBRS",9858556,0
2016,7396473,20954,12,2016,"I",,"Y","F","C","2016_12_WI0130000_NIBRS",9858688,0
2016,7146184,21289,1,2016,"U",,"N","F","C","2016_01_WI0680500_NIBRS",,0
2016,7168968,21289,2,2016,"U",,"N","F","C","2016_02_WI0680500_NIBRS",,0
2016,7191752,21289,3,2016,"U",,"N","F","C","2016_03_WI0680500_NIBRS",,0
2016,7214536,21289,4,2016,"U",,"N","F","C","2016_04_WI0680500_NIBRS",,0
2016,7237320,21289,5,2016,"U",,"N","F","C","2016_05_WI0680500_NIBRS",,0
2016,7260104,21289,6,2016,"U",,"N","F","C","2016_06_WI0680500_NIBRS",,0
2016,7282888,21289,7,2016,"U",,"N","F","C","2016_07_WI0680500_NIBRS",,0
2016,7305672,21289,8,2016,"U",,"N","F","C","2016_08_WI0680500_NIBRS",,0
2016,7328456,21289,9,2016,"U",,"N","F","C","2016_09_WI0680500_NIBRS",,0
2016,7351240,21289,10,2016,"U",,"N","F","C","2016_10_WI0680500_NIBRS",,0
2016,7374024,21289,11,2016,"U",,"N","F","C","2016_11_WI0680500_NIBRS",,0
2016,7396808,21289,12,2016,"U",,"N","F","C","2016_12_WI0680500_NIBRS",,0
2016,7146212,21317,1,2016,"U",,"N","F","C","2016_01_WI0710300_NIBRS",,0
2016,7168996,21317,2,2016,"U",,"N","F","C","2016_02_WI0710300_NIBRS",,0
2016,7191780,21317,3,2016,"U",,"N","F","C","2016_03_WI0710300_NIBRS",,0
2016,7214564,21317,4,2016,"U",,"N","F","C","2016_04_WI0710300_NIBRS",,0
2016,7237348,21317,5,2016,"U",,"N","F","C","2016_05_WI0710300_NIBRS",,0
2016,7260132,21317,6,2016,"U",,"N","F","C","2016_06_WI0710300_NIBRS",,0
2016,7282916,21317,7,2016,"U",,"N","F","C","2016_07_WI0710300_NIBRS",,0
2016,7305700,21317,8,2016,"U",,"N","F","C","2016_08_WI0710300_NIBRS",,0
2016,7328484,21317,9,2016,"U",,"N","F","C","2016_09_WI0710300_NIBRS",,0
2016,7351268,21317,10,2016,"U",,"N","F","C","2016_10_WI0710300_NIBRS",,0
2016,7374052,21317,11,2016,"U",,"N","F","C","2016_11_WI0710300_NIBRS",,0
2016,7396836,21317,12,2016,"U",,"N","F","C","2016_12_WI0710300_NIBRS",,0
2016,7145954,21059,1,2016,"U",,"N","F","C","2016_01_WI0300100_NIBRS",,0
2016,7168738,21059,2,2016,"U",,"N","F","C","2016_02_WI0300100_NIBRS",,0
2016,7191522,21059,3,2016,"U",,"N","F","C","2016_03_WI0300100_NIBRS",,0
2016,7214306,21059,4,2016,"U",,"N","F","C","2016_04_WI0300100_NIBRS",,0
2016,7237090,21059,5,2016,"U",,"N","F","C","2016_05_WI0300100_NIBRS",,0
2016,7259874,21059,6,2016,"U",,"N","F","C","2016_06_WI0300100_NIBRS",,0
2016,7282658,21059,7,2016,"U",,"N","F","C","2016_07_WI0300100_NIBRS",,0
2016,7305442,21059,8,2016,"U",,"N","F","C","2016_08_WI0300100_NIBRS",,0
2016,7328226,21059,9,2016,"U",,"N","F","C","2016_09_WI0300100_NIBRS",,0
2016,7351010,21059,10,2016,"U",,"N","F","C","2016_10_WI0300100_NIBRS",,0
2016,7373794,21059,11,2016,"U",,"N","F","C","2016_11_WI0300100_NIBRS",,0
2016,7396578,21059,12,2016,"U",,"N","F","C","2016_12_WI0300100_NIBRS",,0
2016,7146090,21195,1,2016,"U",,"N","F","C","2016_01_WI0520200_NIBRS",,0
2016,7168874,21195,2,2016,"U",,"N","F","C","2016_02_WI0520200_NIBRS",17196776,0
2016,7191658,21195,3,2016,"U",,"N","F","C","2016_03_WI0520200_NIBRS",17196909,0
2016,7214442,21195,4,2016,"U",,"N","F","C","2016_04_WI0520200_NIBRS",17196680,0
2016,7237226,21195,5,2016,"U",,"N","F","C","2016_05_WI0520200_NIBRS",,0
2016,7260010,21195,6,2016,"U",,"N","F","C","2016_06_WI0520200_NIBRS",17196981,0
2016,7282794,21195,7,2016,"U",,"N","F","C","2016_07_WI0520200_NIBRS",17197302,0
2016,7305578,21195,8,2016,"U",,"N","F","C","2016_08_WI0520200_NIBRS",17196744,0
2016,7328362,21195,9,2016,"U",,"N","F","C","2016_09_WI0520200_NIBRS",,0
2016,7351146,21195,10,2016,"U",,"N","F","C","2016_10_WI0520200_NIBRS",17196629,0
2016,7373930,21195,11,2016,"U",,"N","F","C","2016_11_WI0520200_NIBRS",17196714,0
2016,7396714,21195,12,2016,"U",,"N","F","C","2016_12_WI0520200_NIBRS",17196608,0
2016,7145898,21003,1,2016,"U",,"N","F","C","2016_01_WI0180100_NIBRS",,0
2016,7168682,21003,2,2016,"U",,"N","F","C","2016_02_WI0180100_NIBRS",,0
2016,7191466,21003,3,2016,"U",,"N","F","C","2016_03_WI0180100_NIBRS",,0
2016,7214250,21003,4,2016,"U",,"N","F","C","2016_04_WI0180100_NIBRS",,0
2016,7237034,21003,5,2016,"U",,"N","F","C","2016_05_WI0180100_NIBRS",,0
2016,7259818,21003,6,2016,"U",,"N","F","C","2016_06_WI0180100_NIBRS",,0
2016,7282602,21003,7,2016,"U",,"N","F","C","2016_07_WI0180100_NIBRS",,0
2016,7305386,21003,8,2016,"U",,"N","F","C","2016_08_WI0180100_NIBRS",,0
2016,7328170,21003,9,2016,"U",,"N","F","C","2016_09_WI0180100_NIBRS",,0
2016,7350954,21003,10,2016,"U",,"N","F","C","2016_10_WI0180100_NIBRS",,0
2016,7373738,21003,11,2016,"U",,"N","F","C","2016_11_WI0180100_NIBRS",,0
2016,7396522,21003,12,2016,"U",,"N","F","C","2016_12_WI0180100_NIBRS",,0
2016,7146048,21153,1,2016,"I",,"Y","F","C","2016_01_WI0450100_NIBRS",17192419,0
2016,7168832,21153,2,2016,"I",,"Y","F","C","2016_02_WI0450100_NIBRS",17192604,0
2016,7191616,21153,3,2016,"I",,"Y","F","C","2016_03_WI0450100_NIBRS",17192747,0
2016,7214400,21153,4,2016,"I",,"Y","F","C","2016_04_WI0450100_NIBRS",17192902,0
2016,7237184,21153,5,2016,"I",,"Y","F","C","2016_05_WI0450100_NIBRS",17193227,0
2016,7259968,21153,6,2016,"I",,"Y","F","C","2016_06_WI0450100_NIBRS",17193365,0
2016,7282752,21153,7,2016,"I",,"Y","F","C","2016_07_WI0450100_NIBRS",17193525,0
2016,7305536,21153,8,2016,"I",,"Y","F","C","2016_08_WI0450100_NIBRS",17193722,0
2016,7328320,21153,9,2016,"I",,"Y","F","C","2016_09_WI0450100_NIBRS",17193904,0
2016,7351104,21153,10,2016,"I",,"Y","F","C","2016_10_WI0450100_NIBRS",17194122,0
2016,7373888,21153,11,2016,"I",,"Y","F","C","2016_11_WI0450100_NIBRS",17195756,0
2016,7396672,21153,12,2016,"I",,"Y","F","C","2016_12_WI0450100_NIBRS",18004960,0
2016,7145813,20918,1,2016,"I",,"Y","F","C","2016_01_WI0050200_NIBRS",15682538,0
2016,7168597,20918,2,2016,"I",,"Y","F","C","2016_02_WI0050200_NIBRS",15682811,0
2016,7191381,20918,3,2016,"I",,"Y","F","C","2016_03_WI0050200_NIBRS",15683044,0
2016,7214165,20918,4,2016,"I",,"Y","F","C","2016_04_WI0050200_NIBRS",15685820,0
2016,7236949,20918,5,2016,"I",,"Y","F","C","2016_05_WI0050200_NIBRS",15683218,0
2016,7259733,20918,6,2016,"I",,"Y","F","C","2016_06_WI0050200_NIBRS",15687232,0
2016,7282517,20918,7,2016,"I",,"Y","F","C","2016_07_WI0050200_NIBRS",15683444,0
2016,7305301,20918,8,2016,"I",,"Y","F","C","2016_08_WI0050200_NIBRS",15683766,0
2016,7328085,20918,9,2016,"I",,"Y","F","C","2016_09_WI0050200_NIBRS",15683994,0
2016,7350869,20918,10,2016,"I",,"Y","F","C","2016_10_WI0050200_NIBRS",15684186,0
2016,7373653,20918,11,2016,"I",,"Y","F","C","2016_11_WI0050200_NIBRS",15684409,0
2016,7396437,20918,12,2016,"I",,"Y","F","C","2016_12_WI0050200_NIBRS",15684684,0
2016,7145811,20916,1,2016,"I",,"Y","F","C","2016_01_WI0050000_NIBRS",6900214,0
2016,7168595,20916,2,2016,"I",,"Y","F","C","2016_02_WI0050000_NIBRS",7682742,0
2016,7191379,20916,3,2016,"I",,"Y","F","C","2016_03_WI0050000_NIBRS",4909318,0
2016,7214163,20916,4,2016,"I",,"Y","F","C","2016_04_WI0050000_NIBRS",6899030,0
2016,7236947,20916,5,2016,"I",,"Y","F","C","2016_05_WI0050000_NIBRS",7681706,0
2016,7259731,20916,6,2016,"I",,"Y","F","C","2016_06_WI0050000_NIBRS",7681788,0
2016,7282515,20916,7,2016,"I",,"Y","F","C","2016_07_WI0050000_NIBRS",6899419,0
2016,7305299,20916,8,2016,"I",,"Y","F","C","2016_08_WI0050000_NIBRS",6899528,0
2016,7328083,20916,9,2016,"I",,"Y","F","C","2016_09_WI0050000_NIBRS",7681979,0
2016,7350867,20916,10,2016,"I",,"Y","F","C","2016_10_WI0050000_NIBRS",7682521,0
2016,7373651,20916,11,2016,"I",,"Y","F","C","2016_11_WI0050000_NIBRS",7682052,0
2016,7396435,20916,12,2016,"I",,"Y","F","C","2016_12_WI0050000_NIBRS",9843510,0
2016,7146101,21206,1,2016,"U",,"N","F","C","2016_01_WI0540200_NIBRS",,0
2016,7168885,21206,2,2016,"U",,"N","F","C","2016_02_WI0540200_NIBRS",,0
2016,7191669,21206,3,2016,"U",,"N","F","C","2016_03_WI0540200_NIBRS",,0
2016,7214453,21206,4,2016,"U",,"N","F","C","2016_04_WI0540200_NIBRS",,0
2016,7237237,21206,5,2016,"U",,"N","F","C","2016_05_WI0540200_NIBRS",,0
2016,7260021,21206,6,2016,"U",,"N","F","C","2016_06_WI0540200_NIBRS",,0
2016,7282805,21206,7,2016,"U",,"N","F","C","2016_07_WI0540200_NIBRS",,0
2016,7305589,21206,8,2016,"U",,"N","F","C","2016_08_WI0540200_NIBRS",,0
2016,7328373,21206,9,2016,"U",,"N","F","C","2016_09_WI0540200_NIBRS",,0
2016,7351157,21206,10,2016,"U",,"N","F","C","2016_10_WI0540200_NIBRS",,0
2016,7373941,21206,11,2016,"U",,"N","F","C","2016_11_WI0540200_NIBRS",,0
2016,7396725,21206,12,2016,"U",,"N","F","C","2016_12_WI0540200_NIBRS",,0
2016,7146179,21284,1,2016,"U",,"N","F","C","2016_01_WI0680000_NIBRS",,0
2016,7168963,21284,2,2016,"U",,"N","F","C","2016_02_WI0680000_NIBRS",,0
2016,7191747,21284,3,2016,"U",,"N","F","C","2016_03_WI0680000_NIBRS",,0
2016,7214531,21284,4,2016,"U",,"N","F","C","2016_04_WI0680000_NIBRS",,0
2016,7237315,21284,5,2016,"U",,"N","F","C","2016_05_WI0680000_NIBRS",,0
2016,7260099,21284,6,2016,"U",,"N","F","C","2016_06_WI0680000_NIBRS",,0
2016,7282883,21284,7,2016,"U",,"N","F","C","2016_07_WI0680000_NIBRS",,0
2016,7305667,21284,8,2016,"U",,"N","F","C","2016_08_WI0680000_NIBRS",,0
2016,7328451,21284,9,2016,"U",,"N","F","C","2016_09_WI0680000_NIBRS",,0
2016,7351235,21284,10,2016,"U",,"N","F","C","2016_10_WI0680000_NIBRS",,0
2016,7374019,21284,11,2016,"U",,"N","F","C","2016_11_WI0680000_NIBRS",,0
2016,7396803,21284,12,2016,"U",,"N","F","C","2016_12_WI0680000_NIBRS",,0
2016,7146127,21232,1,2016,"U",,"N","F","C","2016_01_WI0600000_NIBRS",,0
2016,7168911,21232,2,2016,"U",,"N","F","C","2016_02_WI0600000_NIBRS",,0
2016,7191695,21232,3,2016,"U",,"N","F","C","2016_03_WI0600000_NIBRS",,0
2016,7214479,21232,4,2016,"U",,"N","F","C","2016_04_WI0600000_NIBRS",,0
2016,7237263,21232,5,2016,"U",,"N","F","C","2016_05_WI0600000_NIBRS",,0
2016,7260047,21232,6,2016,"U",,"N","F","C","2016_06_WI0600000_NIBRS",,0
2016,7282831,21232,7,2016,"U",,"N","F","C","2016_07_WI0600000_NIBRS",,0
2016,7305615,21232,8,2016,"U",,"N","F","C","2016_08_WI0600000_NIBRS",,0
2016,7328399,21232,9,2016,"U",,"N","F","C","2016_09_WI0600000_NIBRS",,0
2016,7351183,21232,10,2016,"U",,"N","F","C","2016_10_WI0600000_NIBRS",,0
2016,7373967,21232,11,2016,"U",,"N","F","C","2016_11_WI0600000_NIBRS",,0
2016,7396751,21232,12,2016,"U",,"N","F","C","2016_12_WI0600000_NIBRS",,0
2016,7146129,21234,1,2016,"U",,"N","F","C","2016_01_WI0600200_NIBRS",,0
2016,7168913,21234,2,2016,"U",,"N","F","C","2016_02_WI0600200_NIBRS",,0
2016,7191697,21234,3,2016,"U",,"N","F","C","2016_03_WI0600200_NIBRS",,0
2016,7214481,21234,4,2016,"U",,"N","F","C","2016_04_WI0600200_NIBRS",,0
2016,7237265,21234,5,2016,"U",,"N","F","C","2016_05_WI0600200_NIBRS",,0
2016,7260049,21234,6,2016,"U",,"N","F","C","2016_06_WI0600200_NIBRS",,0
2016,7282833,21234,7,2016,"U",,"N","F","C","2016_07_WI0600200_NIBRS",,0
2016,7305617,21234,8,2016,"U",,"N","F","C","2016_08_WI0600200_NIBRS",,0
2016,7328401,21234,9,2016,"U",,"N","F","C","2016_09_WI0600200_NIBRS",,0
2016,7351185,21234,10,2016,"U",,"N","F","C","2016_10_WI0600200_NIBRS",,0
2016,7373969,21234,11,2016,"U",,"N","F","C","2016_11_WI0600200_NIBRS",18013064,0
2016,7396753,21234,12,2016,"U",,"N","F","C","2016_12_WI0600200_NIBRS",,0
2016,7146088,21193,1,2016,"U",,"N","F","C","2016_01_WI0520000_NIBRS",,0
2016,7168872,21193,2,2016,"U",,"N","F","C","2016_02_WI0520000_NIBRS",,0
2016,7191656,21193,3,2016,"U",,"N","F","C","2016_03_WI0520000_NIBRS",,0
2016,7214440,21193,4,2016,"U",,"N","F","C","2016_04_WI0520000_NIBRS",,0
2016,7237224,21193,5,2016,"U",,"N","F","C","2016_05_WI0520000_NIBRS",,0
2016,7260008,21193,6,2016,"U",,"N","F","C","2016_06_WI0520000_NIBRS",,0
2016,7282792,21193,7,2016,"U",,"N","F","C","2016_07_WI0520000_NIBRS",,0
2016,7305576,21193,8,2016,"U",,"N","F","C","2016_08_WI0520000_NIBRS",,0
2016,7328360,21193,9,2016,"U",,"N","F","C","2016_09_WI0520000_NIBRS",,0
2016,7351144,21193,10,2016,"U",,"N","F","C","2016_10_WI0520000_NIBRS",,0
2016,7373928,21193,11,2016,"U",,"N","F","C","2016_11_WI0520000_NIBRS",,0
2016,7396712,21193,12,2016,"U",,"N","F","C","2016_12_WI0520000_NIBRS",,0
2016,7146172,21277,1,2016,"U",,"N","F","C","2016_01_WI0670000_NIBRS",,0
2016,7168956,21277,2,2016,"U",,"N","F","C","2016_02_WI0670000_NIBRS",,0
2016,7191740,21277,3,2016,"U",,"N","F","C","2016_03_WI0670000_NIBRS",,0
2016,7214524,21277,4,2016,"U",,"N","F","C","2016_04_WI0670000_NIBRS",,0
2016,7237308,21277,5,2016,"U",,"N","F","C","2016_05_WI0670000_NIBRS",,0
2016,7260092,21277,6,2016,"U",,"N","F","C","2016_06_WI0670000_NIBRS",,0
2016,7282876,21277,7,2016,"U",,"N","F","C","2016_07_WI0670000_NIBRS",,0
2016,7305660,21277,8,2016,"U",,"N","F","C","2016_08_WI0670000_NIBRS",,0
2016,7328444,21277,9,2016,"U",,"N","F","C","2016_09_WI0670000_NIBRS",,0
2016,7351228,21277,10,2016,"U",,"N","F","C","2016_10_WI0670000_NIBRS",,0
2016,7374012,21277,11,2016,"U",,"N","F","C","2016_11_WI0670000_NIBRS",,0
2016,7396796,21277,12,2016,"U",,"N","F","C","2016_12_WI0670000_NIBRS",,0
2016,7145988,21093,1,2016,"U",,"N","F","C","2016_01_WI0370000_NIBRS",,0
2016,7168772,21093,2,2016,"U",,"N","F","C","2016_02_WI0370000_NIBRS",,0
2016,7191556,21093,3,2016,"U",,"N","F","C","2016_03_WI0370000_NIBRS",,0
2016,7214340,21093,4,2016,"U",,"N","F","C","2016_04_WI0370000_NIBRS",,0
2016,7237124,21093,5,2016,"U",,"N","F","C","2016_05_WI0370000_NIBRS",,0
2016,7259908,21093,6,2016,"U",,"N","F","C","2016_06_WI0370000_NIBRS",,0
2016,7282692,21093,7,2016,"U",,"N","F","C","2016_07_WI0370000_NIBRS",,0
2016,7305476,21093,8,2016,"U",,"N","F","C","2016_08_WI0370000_NIBRS",,0
2016,7328260,21093,9,2016,"U",,"N","F","C","2016_09_WI0370000_NIBRS",,0
2016,7351044,21093,10,2016,"U",,"N","F","C","2016_10_WI0370000_NIBRS",,0
2016,7373828,21093,11,2016,"U",,"N","F","C","2016_11_WI0370000_NIBRS",,0
2016,7396612,21093,12,2016,"U",,"N","F","C","2016_12_WI0370000_NIBRS",,0
2016,7145905,21010,1,2016,"I",,"N","F","C","2016_01_WI0200100_NIBRS",,0
2016,7168689,21010,2,2016,"I",,"Y","F","C","2016_02_WI0200100_NIBRS",8552931,0
2016,7191473,21010,3,2016,"I",,"N","F","C","2016_03_WI0200100_NIBRS",8552468,0
2016,7214257,21010,4,2016,"I",,"Y","F","C","2016_04_WI0200100_NIBRS",8551020,0
2016,7237041,21010,5,2016,"I",,"Y","F","C","2016_05_WI0200100_NIBRS",6570662,0
2016,7259825,21010,6,2016,"I",,"Y","F","C","2016_06_WI0200100_NIBRS",6570835,0
2016,7282609,21010,7,2016,"I",,"Y","F","C","2016_07_WI0200100_NIBRS",6572120,0
2016,7305393,21010,8,2016,"I",,"Y","F","C","2016_08_WI0200100_NIBRS",2252888,0
2016,7328177,21010,9,2016,"I",,"Y","F","C","2016_09_WI0200100_NIBRS",8551094,0
2016,7350961,21010,10,2016,"I",,"Y","F","C","2016_10_WI0200100_NIBRS",8552744,0
2016,7373745,21010,11,2016,"I",,"Y","F","C","2016_11_WI0200100_NIBRS",9871546,0
2016,7396529,21010,12,2016,"I",,"Y","F","C","2016_12_WI0200100_NIBRS",6571319,0
2016,7146028,21133,1,2016,"I",,"Y","F","C","2016_01_WI0411600_NIBRS",17133896,0
2016,7168812,21133,2,2016,"I",,"Y","F","C","2016_02_WI0411600_NIBRS",17133909,0
2016,7191596,21133,3,2016,"I",,"Y","F","C","2016_03_WI0411600_NIBRS",17133955,0
2016,7214380,21133,4,2016,"I",,"Y","F","C","2016_04_WI0411600_NIBRS",17134117,0
2016,7305614,21231,8,2016,"U",,"N","F","C","2016_08_WI0590100_NIBRS",,0
2016,7328398,21231,9,2016,"U",,"N","F","C","2016_09_WI0590100_NIBRS",,0
2016,7351182,21231,10,2016,"U",,"N","F","C","2016_10_WI0590100_NIBRS",,0
2016,7373966,21231,11,2016,"U",,"N","F","C","2016_11_WI0590100_NIBRS",,0
2016,7396750,21231,12,2016,"U",,"N","F","C","2016_12_WI0590100_NIBRS",,0
2016,7145803,20908,1,2016,"I",,"Y","F","C","2016_01_WI0030100_NIBRS",9842538,0
2016,7168587,20908,2,2016,"I",,"Y","F","C","2016_02_WI0030100_NIBRS",9844133,0
2016,7191371,20908,3,2016,"I",,"Y","F","C","2016_03_WI0030100_NIBRS",9842587,0
2016,7214155,20908,4,2016,"I",,"Y","F","C","2016_04_WI0030100_NIBRS",9842687,0
2016,7236939,20908,5,2016,"I",,"Y","F","C","2016_05_WI0030100_NIBRS",9844218,0
2016,7259723,20908,6,2016,"I",,"Y","F","C","2016_06_WI0030100_NIBRS",9842756,0
2016,7282507,20908,7,2016,"I",,"Y","F","C","2016_07_WI0030100_NIBRS",9842829,0
2016,7305291,20908,8,2016,"I",,"Y","F","C","2016_08_WI0030100_NIBRS",9843951,0
2016,7328075,20908,9,2016,"I",,"Y","F","C","2016_09_WI0030100_NIBRS",9842935,0
2016,7350859,20908,10,2016,"I",,"Y","F","C","2016_10_WI0030100_NIBRS",9843033,0
2016,7373643,20908,11,2016,"I",,"Y","F","C","2016_11_WI0030100_NIBRS",9844023,0
2016,7396427,20908,12,2016,"I",,"Y","F","C","2016_12_WI0030100_NIBRS",9843116,0
2016,7146913,23125,1,2016,"U",,"N","F","C","2016_01_WI0683300_NIBRS",,0
2016,7169697,23125,2,2016,"U",,"N","F","C","2016_02_WI0683300_NIBRS",,0
2016,7192481,23125,3,2016,"U",,"N","F","C","2016_03_WI0683300_NIBRS",,0
2016,7215265,23125,4,2016,"U",,"N","F","C","2016_04_WI0683300_NIBRS",,0
2016,7238049,23125,5,2016,"U",,"N","F","C","2016_05_WI0683300_NIBRS",,0
2016,7260833,23125,6,2016,"U",,"N","F","C","2016_06_WI0683300_NIBRS",,0
2016,7283617,23125,7,2016,"U",,"N","F","C","2016_07_WI0683300_NIBRS",,0
2016,7306401,23125,8,2016,"U",,"N","F","C","2016_08_WI0683300_NIBRS",,0
2016,7329185,23125,9,2016,"U",,"N","F","C","2016_09_WI0683300_NIBRS",,0
2016,7351969,23125,10,2016,"U",,"N","F","C","2016_10_WI0683300_NIBRS",,0
2016,7374753,23125,11,2016,"U",,"N","F","C","2016_11_WI0683300_NIBRS",,0
2016,7397537,23125,12,2016,"U",,"N","F","C","2016_12_WI0683300_NIBRS",,0
2016,7145887,20992,1,2016,"U",,"N","F","C","2016_01_WI0150100_NIBRS",,0
2016,7168671,20992,2,2016,"U",,"N","F","C","2016_02_WI0150100_NIBRS",,0
2016,7191455,20992,3,2016,"U",,"N","F","C","2016_03_WI0150100_NIBRS",,0
2016,7214239,20992,4,2016,"U",,"N","F","C","2016_04_WI0150100_NIBRS",,0
2016,7237023,20992,5,2016,"U",,"N","F","C","2016_05_WI0150100_NIBRS",,0
2016,7259807,20992,6,2016,"U",,"N","F","C","2016_06_WI0150100_NIBRS",,0
2016,7282591,20992,7,2016,"U",,"N","F","C","2016_07_WI0150100_NIBRS",,0
2016,7305375,20992,8,2016,"U",,"N","F","C","2016_08_WI0150100_NIBRS",,0
2016,7328159,20992,9,2016,"U",,"N","F","C","2016_09_WI0150100_NIBRS",,0
2016,7350943,20992,10,2016,"U",,"N","F","C","2016_10_WI0150100_NIBRS",,0
2016,7373727,20992,11,2016,"U",,"N","F","C","2016_11_WI0150100_NIBRS",,0
2016,7396511,20992,12,2016,"U",,"N","F","C","2016_12_WI0150100_NIBRS",,0
2016,7146113,21218,1,2016,"I",,"Y","F","C","2016_01_WI0560200_NIBRS",9923882,0
2016,7168897,21218,2,2016,"I",,"Y","F","C","2016_02_WI0560200_NIBRS",6642264,0
2016,7191681,21218,3,2016,"I",,"Y","F","C","2016_03_WI0560200_NIBRS",8608912,0
2016,7214465,21218,4,2016,"I",,"Y","F","C","2016_04_WI0560200_NIBRS",8608934,0
2016,7237249,21218,5,2016,"I",,"Y","F","C","2016_05_WI0560200_NIBRS",9924164,0
2016,7260033,21218,6,2016,"I",,"Y","F","C","2016_06_WI0560200_NIBRS",6642336,0
2016,7282817,21218,7,2016,"I",,"Y","F","C","2016_07_WI0560200_NIBRS",7737556,0
2016,7305601,21218,8,2016,"I",,"Y","F","C","2016_08_WI0560200_NIBRS",9923570,0
2016,7328385,21218,9,2016,"I",,"Y","F","C","2016_09_WI0560200_NIBRS",18025288,0
2016,7351169,21218,10,2016,"I",,"Y","F","C","2016_10_WI0560200_NIBRS",6959616,0
2016,7373953,21218,11,2016,"I",,"Y","F","C","2016_11_WI0560200_NIBRS",7737636,0
2016,7396737,21218,12,2016,"I",,"Y","F","C","2016_12_WI0560200_NIBRS",7737737,0
2016,7145870,20975,1,2016,"I",,"N","F","C","2016_01_WI0137300_NIBRS",,0
2016,7168654,20975,2,2016,"I",,"Y","F","C","2016_02_WI0137300_NIBRS",2252994,0
2016,7191438,20975,3,2016,"I",,"Y","F","C","2016_03_WI0137300_NIBRS",3724152,0
2016,7214222,20975,4,2016,"I",,"Y","F","C","2016_04_WI0137300_NIBRS",2252824,0
2016,7237006,20975,5,2016,"I",,"Y","F","C","2016_05_WI0137300_NIBRS",3724170,0
2016,7259790,20975,6,2016,"I",,"Y","F","C","2016_06_WI0137300_NIBRS",2252889,0
2016,7282574,20975,7,2016,"I",,"Y","F","C","2016_07_WI0137300_NIBRS",2252916,0
2016,7305358,20975,8,2016,"I",,"Y","F","C","2016_08_WI0137300_NIBRS",2252928,0
2016,7328142,20975,9,2016,"I",,"Y","F","C","2016_09_WI0137300_NIBRS",2252946,0
2016,7350926,20975,10,2016,"I",,"Y","F","C","2016_10_WI0137300_NIBRS",3724208,0
2016,7373710,20975,11,2016,"I",,"Y","F","C","2016_11_WI0137300_NIBRS",6553481,0
2016,7396494,20975,12,2016,"I",,"Y","F","C","2016_12_WI0137300_NIBRS",6922918,0
2016,7145852,20957,1,2016,"U",,"N","F","C","2016_01_WI0130300_NIBRS",,0
2016,7168636,20957,2,2016,"U",,"N","F","C","2016_02_WI0130300_NIBRS",,0
2016,7191420,20957,3,2016,"U",,"N","F","C","2016_03_WI0130300_NIBRS",,0
2016,7214204,20957,4,2016,"U",,"N","F","C","2016_04_WI0130300_NIBRS",,0
2016,7236988,20957,5,2016,"U",,"N","F","C","2016_05_WI0130300_NIBRS",,0
2016,7259772,20957,6,2016,"U",,"N","F","C","2016_06_WI0130300_NIBRS",,0
2016,7282556,20957,7,2016,"U",,"N","F","C","2016_07_WI0130300_NIBRS",,0
2016,7305340,20957,8,2016,"U",,"N","F","C","2016_08_WI0130300_NIBRS",,0
2016,7328124,20957,9,2016,"U",,"N","F","C","2016_09_WI0130300_NIBRS",,0
2016,7350908,20957,10,2016,"U",,"N","F","C","2016_10_WI0130300_NIBRS",,0
2016,7373692,20957,11,2016,"U",,"N","F","C","2016_11_WI0130300_NIBRS",,0
2016,7396476,20957,12,2016,"U",,"N","F","C","2016_12_WI0130300_NIBRS",,0
2016,7145979,21084,1,2016,"I",,"Y","F","C","2016_01_WI0350100_NIBRS",17134257,0
2016,7168763,21084,2,2016,"I",,"Y","F","C","2016_02_WI0350100_NIBRS",17134407,0
2016,7191547,21084,3,2016,"I",,"Y","F","C","2016_03_WI0350100_NIBRS",17134419,0
2016,7214331,21084,4,2016,"I",,"Y","F","C","2016_04_WI0350100_NIBRS",17134359,0
2016,7237115,21084,5,2016,"I",,"Y","F","C","2016_05_WI0350100_NIBRS",17134431,0
2016,7259899,21084,6,2016,"I",,"Y","F","C","2016_06_WI0350100_NIBRS",29153395,0
2016,7282683,21084,7,2016,"I",,"Y","F","C","2016_07_WI0350100_NIBRS",17134444,0
2016,7305467,21084,8,2016,"I",,"Y","F","C","2016_08_WI0350100_NIBRS",17134458,0
2016,7328251,21084,9,2016,"I",,"Y","F","C","2016_09_WI0350100_NIBRS",17133884,0
2016,7351035,21084,10,2016,"I",,"Y","F","C","2016_10_WI0350100_NIBRS",17134137,0
2016,7373819,21084,11,2016,"I",,"Y","F","C","2016_11_WI0350100_NIBRS",17133890,0
2016,7396603,21084,12,2016,"I",,"Y","F","C","2016_12_WI0350100_NIBRS",17133894,0
2016,7145820,20925,1,2016,"U",,"N","F","C","2016_01_WI0060000_NIBRS",,0
2016,7168604,20925,2,2016,"U",,"N","F","C","2016_02_WI0060000_NIBRS",,0
2016,7191388,20925,3,2016,"U",,"N","F","C","2016_03_WI0060000_NIBRS",,0
2016,7214172,20925,4,2016,"U",,"N","F","C","2016_04_WI0060000_NIBRS",,0
2016,7236956,20925,5,2016,"U",,"N","F","C","2016_05_WI0060000_NIBRS",,0
2016,7259740,20925,6,2016,"U",,"N","F","C","2016_06_WI0060000_NIBRS",,0
2016,7282524,20925,7,2016,"U",,"N","F","C","2016_07_WI0060000_NIBRS",,0
2016,7305308,20925,8,2016,"U",,"N","F","C","2016_08_WI0060000_NIBRS",,0
2016,7328092,20925,9,2016,"U",,"N","F","C","2016_09_WI0060000_NIBRS",,0
2016,7350876,20925,10,2016,"U",,"N","F","C","2016_10_WI0060000_NIBRS",,0
2016,7373660,20925,11,2016,"U",,"N","F","C","2016_11_WI0060000_NIBRS",,0
2016,7396444,20925,12,2016,"U",,"N","F","C","2016_12_WI0060000_NIBRS",,0
2016,7146036,21141,1,2016,"U",,"N","F","C","2016_01_WI0420300_NIBRS",,0
2016,7168820,21141,2,2016,"U",,"N","F","C","2016_02_WI0420300_NIBRS",,0
2016,7191604,21141,3,2016,"U",,"N","F","C","2016_03_WI0420300_NIBRS",,0
2016,7214388,21141,4,2016,"U",,"N","F","C","2016_04_WI0420300_NIBRS",,0
2016,7237172,21141,5,2016,"U",,"N","F","C","2016_05_WI0420300_NIBRS",,0
2016,7259956,21141,6,2016,"U",,"N","F","C","2016_06_WI0420300_NIBRS",,0
2016,7282740,21141,7,2016,"U",,"N","F","C","2016_07_WI0420300_NIBRS",,0
2016,7305524,21141,8,2016,"U",,"N","F","C","2016_08_WI0420300_NIBRS",,0
2016,7328308,21141,9,2016,"U",,"N","F","C","2016_09_WI0420300_NIBRS",,0
2016,7351092,21141,10,2016,"U",,"N","F","C","2016_10_WI0420300_NIBRS",,0
2016,7373876,21141,11,2016,"U",,"N","F","C","2016_11_WI0420300_NIBRS",,0
2016,7396660,21141,12,2016,"U",,"N","F","C","2016_12_WI0420300_NIBRS",,0
2016,7146117,21222,1,2016,"U",,"N","F","C","2016_01_WI0570100_NIBRS",,0
2016,7168901,21222,2,2016,"U",,"N","F","C","2016_02_WI0570100_NIBRS",,0
2016,7191685,21222,3,2016,"U",,"N","F","C","2016_03_WI0570100_NIBRS",,0
2016,7214469,21222,4,2016,"U",,"N","F","C","2016_04_WI0570100_NIBRS",,0
2016,7237253,21222,5,2016,"U",,"N","F","C","2016_05_WI0570100_NIBRS",,0
2016,7260037,21222,6,2016,"U",,"N","F","C","2016_06_WI0570100_NIBRS",,0
2016,7282821,21222,7,2016,"U",,"N","F","C","2016_07_WI0570100_NIBRS",,0
2016,7305605,21222,8,2016,"U",,"N","F","C","2016_08_WI0570100_NIBRS",,0
2016,7328389,21222,9,2016,"U",,"N","F","C","2016_09_WI0570100_NIBRS",,0
2016,7351173,21222,10,2016,"U",,"N","F","C","2016_10_WI0570100_NIBRS",,0
2016,7373957,21222,11,2016,"U",,"N","F","C","2016_11_WI0570100_NIBRS",,0
2016,7396741,21222,12,2016,"U",,"N","F","C","2016_12_WI0570100_NIBRS",,0
2016,7146024,21129,1,2016,"U",,"N","F","C","2016_01_WI0411200_NIBRS",,0
2016,7168808,21129,2,2016,"U",,"N","F","C","2016_02_WI0411200_NIBRS",,0
2016,7191592,21129,3,2016,"U",,"N","F","C","2016_03_WI0411200_NIBRS",,0
2016,7214376,21129,4,2016,"U",,"N","F","C","2016_04_WI0411200_NIBRS",,0
2016,7237160,21129,5,2016,"U",,"N","F","C","2016_05_WI0411200_NIBRS",,0
2016,7259944,21129,6,2016,"U",,"N","F","C","2016_06_WI0411200_NIBRS",,0
2016,7282728,21129,7,2016,"U",,"N","F","C","2016_07_WI0411200_NIBRS",,0
2016,7305512,21129,8,2016,"U",,"N","F","C","2016_08_WI0411200_NIBRS",,0
2016,7328296,21129,9,2016,"U",,"N","F","C","2016_09_WI0411200_NIBRS",,0
2016,7351080,21129,10,2016,"U",,"N","F","C","2016_10_WI0411200_NIBRS",,0
2016,7373864,21129,11,2016,"U",,"N","F","C","2016_11_WI0411200_NIBRS",,0
2016,7396648,21129,12,2016,"U",,"N","F","C","2016_12_WI0411200_NIBRS",,0
2016,7146190,21295,1,2016,"U",,"N","F","C","2016_01_WI0681100_NIBRS",,0
2016,7168974,21295,2,2016,"U",,"N","F","C","2016_02_WI0681100_NIBRS",,0
2016,7191758,21295,3,2016,"U",,"N","F","C","2016_03_WI0681100_NIBRS",,0
2016,7214542,21295,4,2016,"U",,"N","F","C","2016_04_WI0681100_NIBRS",,0
2016,7237326,21295,5,2016,"U",,"N","F","C","2016_05_WI0681100_NIBRS",,0
2016,7260110,21295,6,2016,"U",,"N","F","C","2016_06_WI0681100_NIBRS",,0
2016,7282894,21295,7,2016,"U",,"N","F","C","2016_07_WI0681100_NIBRS",,0
2016,7305678,21295,8,2016,"U",,"N","F","C","2016_08_WI0681100_NIBRS",,0
2016,7328462,21295,9,2016,"U",,"N","F","C","2016_09_WI0681100_NIBRS",,0
2016,7351246,21295,10,2016,"U",,"N","F","C","2016_10_WI0681100_NIBRS",,0
2016,7374030,21295,11,2016,"U",,"N","F","C","2016_11_WI0681100_NIBRS",,0
2016,7396814,21295,12,2016,"U",,"N","F","C","2016_12_WI0681100_NIBRS",,0
2016,7146128,21233,1,2016,"U",,"N","F","C","2016_01_WI0600100_NIBRS",,0
2016,7168912,21233,2,2016,"U",,"N","F","C","2016_02_WI0600100_NIBRS",,0
2016,7191696,21233,3,2016,"U",,"N","F","C","2016_03_WI0600100_NIBRS",,0
2016,7214480,21233,4,2016,"U",,"N","F","C","2016_04_WI0600100_NIBRS",,0
2016,7237264,21233,5,2016,"U",,"N","F","C","2016_05_WI0600100_NIBRS",,0
2016,7260048,21233,6,2016,"U",,"N","F","C","2016_06_WI0600100_NIBRS",,0
2016,7282832,21233,7,2016,"U",,"N","F","C","2016_07_WI0600100_NIBRS",,0
2016,7305616,21233,8,2016,"U",,"N","F","C","2016_08_WI0600100_NIBRS",,0
2016,7328400,21233,9,2016,"U",,"N","F","C","2016_09_WI0600100_NIBRS",,0
2016,7351184,21233,10,2016,"U",,"N","F","C","2016_10_WI0600100_NIBRS",,0
2016,7373968,21233,11,2016,"U",,"N","F","C","2016_11_WI0600100_NIBRS",,0
2016,7396752,21233,12,2016,"U",,"N","F","C","2016_12_WI0600100_NIBRS",,0
2016,7146192,21297,1,2016,"I",,"Y","F","C","2016_01_WI0681400_NIBRS",6648026,0
2016,7168976,21297,2,2016,"I",,"Y","F","C","2016_02_WI0681400_NIBRS",15787337,0
2016,7191760,21297,3,2016,"I",,"N","F","C","2016_03_WI0681400_NIBRS",,0
2016,7214544,21297,4,2016,"I",,"N","F","C","2016_04_WI0681400_NIBRS",,0
2016,7237328,21297,5,2016,"I",,"N","F","C","2016_05_WI0681400_NIBRS",,0
2016,7260112,21297,6,2016,"I",,"Y","F","C","2016_06_WI0681400_NIBRS",6648205,0
2016,7282896,21297,7,2016,"I",,"N","F","C","2016_07_WI0681400_NIBRS",,0
2016,7305680,21297,8,2016,"I",,"Y","F","C","2016_08_WI0681400_NIBRS",15787385,0
2016,7328464,21297,9,2016,"I",,"Y","F","C","2016_09_WI0681400_NIBRS",15787413,0
2016,7351248,21297,10,2016,"I",,"Y","F","C","2016_10_WI0681400_NIBRS",1391085,0
2016,7374032,21297,11,2016,"I",,"Y","F","C","2016_11_WI0681400_NIBRS",15787476,0
2016,7396816,21297,12,2016,"I",,"Y","F","C","2016_12_WI0681400_NIBRS",15787512,0
2016,7146016,21121,1,2016,"I",,"N","F","C","2016_01_WI0410400_NIBRS",,0
2016,7168800,21121,2,2016,"I",,"N","F","C","2016_02_WI0410400_NIBRS",,0
2016,7191584,21121,3,2016,"I",,"Y","F","C","2016_03_WI0410400_NIBRS",15681438,0
2016,7214368,21121,4,2016,"I",,"N","F","C","2016_04_WI0410400_NIBRS",,0
2016,7237152,21121,5,2016,"I",,"N","F","C","2016_05_WI0410400_NIBRS",,0
2016,7259936,21121,6,2016,"I",,"Y","F","C","2016_06_WI0410400_NIBRS",6944286,0
2016,7282720,21121,7,2016,"I",,"Y","F","C","2016_07_WI0410400_NIBRS",15681218,0
2016,7305504,21121,8,2016,"I",,"N","F","C","2016_08_WI0410400_NIBRS",1328427,0
2016,7328288,21121,9,2016,"I",,"Y","F","C","2016_09_WI0410400_NIBRS",15681531,0
2016,7351072,21121,10,2016,"I",,"N","F","C","2016_10_WI0410400_NIBRS",,0
2016,7373856,21121,11,2016,"I",,"Y","F","C","2016_11_WI0410400_NIBRS",15681562,0
2016,7396640,21121,12,2016,"I",,"Y","F","C","2016_12_WI0410400_NIBRS",15681254,0
2016,7145853,20958,1,2016,"I",,"Y","F","C","2016_01_WI0130400_NIBRS",17972549,0
2016,7168637,20958,2,2016,"I",,"Y","F","C","2016_02_WI0130400_NIBRS",17972640,0
2016,7191421,20958,3,2016,"I",,"Y","F","C","2016_03_WI0130400_NIBRS",17972703,0
2016,7214205,20958,4,2016,"I",,"Y","F","C","2016_04_WI0130400_NIBRS",17972732,0
2016,7236989,20958,5,2016,"I",,"Y","F","C","2016_05_WI0130400_NIBRS",17972773,0
2016,7259773,20958,6,2016,"I",,"Y","F","C","2016_06_WI0130400_NIBRS",17972804,0
2016,7282557,20958,7,2016,"I",,"Y","F","C","2016_07_WI0130400_NIBRS",17973043,0
2016,7305341,20958,8,2016,"I",,"Y","F","C","2016_08_WI0130400_NIBRS",17973111,0
2016,7328125,20958,9,2016,"I",,"Y","F","C","2016_09_WI0130400_NIBRS",17973166,0
2016,7350909,20958,10,2016,"I",,"Y","F","C","2016_10_WI0130400_NIBRS",17973243,0
2016,7373693,20958,11,2016,"I",,"Y","F","C","2016_11_WI0130400_NIBRS",17973270,0
2016,7396477,20958,12,2016,"I",,"Y","F","C","2016_12_WI0130400_NIBRS",17973337,0
2016,7146044,21149,1,2016,"I",,"Y","F","C","2016_01_WI0440200_NIBRS",15751084,0
2016,7168828,21149,2,2016,"I",,"Y","F","C","2016_02_WI0440200_NIBRS",4901781,0
2016,7191612,21149,3,2016,"I",,"Y","F","C","2016_03_WI0440200_NIBRS",15752032,0
2016,7214396,21149,4,2016,"I",,"Y","F","C","2016_04_WI0440200_NIBRS",15751872,0
2016,7237180,21149,5,2016,"I",,"Y","F","C","2016_05_WI0440200_NIBRS",15751199,0
2016,7259964,21149,6,2016,"I",,"Y","F","C","2016_06_WI0440200_NIBRS",18000604,0
2016,7282748,21149,7,2016,"I",,"Y","F","C","2016_07_WI0440200_NIBRS",15751912,0
2016,7305532,21149,8,2016,"I",,"Y","F","C","2016_08_WI0440200_NIBRS",15751947,0
2016,7328316,21149,9,2016,"I",,"Y","F","C","2016_09_WI0440200_NIBRS",15751347,0
2016,7351100,21149,10,2016,"I",,"Y","F","C","2016_10_WI0440200_NIBRS",2359911,0
2016,7373884,21149,11,2016,"I",,"Y","F","C","2016_11_WI0440200_NIBRS",18000661,0
2016,7396668,21149,12,2016,"I",,"Y","F","C","2016_12_WI0440200_NIBRS",15751426,0
2016,7146157,21262,1,2016,"U",,"N","F","C","2016_01_WI0650300_NIBRS",,0
2016,7168941,21262,2,2016,"U",,"N","F","C","2016_02_WI0650300_NIBRS",,0
2016,7191725,21262,3,2016,"U",,"N","F","C","2016_03_WI0650300_NIBRS",,0
2016,7214509,21262,4,2016,"U",,"N","F","C","2016_04_WI0650300_NIBRS",,0
2016,7237293,21262,5,2016,"U",,"N","F","C","2016_05_WI0650300_NIBRS",,0
2016,7260077,21262,6,2016,"U",,"N","F","C","2016_06_WI0650300_NIBRS",,0
2016,7282861,21262,7,2016,"U",,"N","F","C","2016_07_WI0650300_NIBRS",,0
2016,7305645,21262,8,2016,"U",,"N","F","C","2016_08_WI0650300_NIBRS",,0
2016,7328429,21262,9,2016,"U",,"N","F","C","2016_09_WI0650300_NIBRS",,0
2016,7351213,21262,10,2016,"U",,"N","F","C","2016_10_WI0650300_NIBRS",,0
2016,7373997,21262,11,2016,"U",,"N","F","C","2016_11_WI0650300_NIBRS",,0
2016,7237164,21133,5,2016,"I",,"Y","F","C","2016_05_WI0411600_NIBRS",17134280,0
2016,7259948,21133,6,2016,"I",,"Y","F","C","2016_06_WI0411600_NIBRS",17134380,0
2016,7282732,21133,7,2016,"I",,"Y","F","C","2016_07_WI0411600_NIBRS",17134410,0
2016,7305516,21133,8,2016,"I",,"Y","F","C","2016_08_WI0411600_NIBRS",17134448,0
2016,7328300,21133,9,2016,"I",,"Y","F","C","2016_09_WI0411600_NIBRS",17134519,0
2016,7351084,21133,10,2016,"I",,"Y","F","C","2016_10_WI0411600_NIBRS",17134665,0
2016,7373868,21133,11,2016,"I",,"Y","F","C","2016_11_WI0411600_NIBRS",17134798,0
2016,7396652,21133,12,2016,"I",,"Y","F","C","2016_12_WI0411600_NIBRS",17134905,0
2016,7145964,21069,1,2016,"I",,"Y","F","C","2016_01_WI0320100_NIBRS",9895148,0
2016,7168748,21069,2,2016,"I",,"Y","F","C","2016_02_WI0320100_NIBRS",9891791,0
2016,7191532,21069,3,2016,"I",,"Y","F","C","2016_03_WI0320100_NIBRS",7713104,0
2016,7214316,21069,4,2016,"I",,"Y","F","C","2016_04_WI0320100_NIBRS",9895400,0
2016,7237100,21069,5,2016,"I",,"Y","F","C","2016_05_WI0320100_NIBRS",15734734,0
2016,7259884,21069,6,2016,"I",,"Y","F","C","2016_06_WI0320100_NIBRS",9892148,0
2016,7282668,21069,7,2016,"I",,"Y","F","C","2016_07_WI0320100_NIBRS",8588671,0
2016,7305452,21069,8,2016,"I",,"Y","F","C","2016_08_WI0320100_NIBRS",9895610,0
2016,7328236,21069,9,2016,"I",,"Y","F","C","2016_09_WI0320100_NIBRS",9892354,0
2016,7351020,21069,10,2016,"I",,"Y","F","C","2016_10_WI0320100_NIBRS",15735012,0
2016,7373804,21069,11,2016,"I",,"Y","F","C","2016_11_WI0320100_NIBRS",15735431,0
2016,7396588,21069,12,2016,"I",,"Y","F","C","2016_12_WI0320100_NIBRS",15735836,0
2016,7146047,21152,1,2016,"I",,"Y","F","C","2016_01_WI0450000_NIBRS",7725981,0
2016,7168831,21152,2,2016,"I",,"Y","F","C","2016_02_WI0450000_NIBRS",17189893,0
2016,7191615,21152,3,2016,"I",,"Y","F","C","2016_03_WI0450000_NIBRS",17189949,0
2016,7214399,21152,4,2016,"I",,"Y","F","C","2016_04_WI0450000_NIBRS",15753253,0
2016,7237183,21152,5,2016,"I",,"Y","F","C","2016_05_WI0450000_NIBRS",15753281,0
2016,7259967,21152,6,2016,"I",,"Y","F","C","2016_06_WI0450000_NIBRS",18024781,0
2016,7282751,21152,7,2016,"I",,"Y","F","C","2016_07_WI0450000_NIBRS",17190049,0
2016,7305535,21152,8,2016,"I",,"Y","F","C","2016_08_WI0450000_NIBRS",17190116,0
2016,7328319,21152,9,2016,"I",,"Y","F","C","2016_09_WI0450000_NIBRS",17190190,0
2016,7351103,21152,10,2016,"I",,"Y","F","C","2016_10_WI0450000_NIBRS",17190289,0
2016,7373887,21152,11,2016,"I",,"Y","F","C","2016_11_WI0450000_NIBRS",17189833,0
2016,7396671,21152,12,2016,"I",,"Y","F","C","2016_12_WI0450000_NIBRS",17190344,0
2016,7146183,21288,1,2016,"I",,"Y","F","C","2016_01_WI0680400_NIBRS",4984856,0
2016,7168967,21288,2,2016,"I",,"N","F","C","2016_02_WI0680400_NIBRS",,0
2016,7191751,21288,3,2016,"I",,"Y","F","C","2016_03_WI0680400_NIBRS",6646246,0
2016,7214535,21288,4,2016,"I",,"N","F","C","2016_04_WI0680400_NIBRS",,0
2016,7237319,21288,5,2016,"I",,"Y","F","C","2016_05_WI0680400_NIBRS",15787051,0
2016,7260103,21288,6,2016,"I",,"Y","F","C","2016_06_WI0680400_NIBRS",1388726,0
2016,7282887,21288,7,2016,"I",,"Y","F","C","2016_07_WI0680400_NIBRS",1389202,0
2016,7305671,21288,8,2016,"I",,"Y","F","C","2016_08_WI0680400_NIBRS",15787114,0
2016,7328455,21288,9,2016,"I",,"Y","F","C","2016_09_WI0680400_NIBRS",4984517,0
2016,7351239,21288,10,2016,"I",,"Y","F","C","2016_10_WI0680400_NIBRS",15787162,0
2016,7374023,21288,11,2016,"I",,"Y","F","C","2016_11_WI0680400_NIBRS",6646127,0
2016,7396807,21288,12,2016,"I",,"Y","F","C","2016_12_WI0680400_NIBRS",8551460,0
2016,7146111,21216,1,2016,"I",,"Y","F","C","2016_01_WI0560000_NIBRS",9922828,0
2016,7168895,21216,2,2016,"I",,"Y","F","C","2016_02_WI0560000_NIBRS",9922956,0
2016,7191679,21216,3,2016,"I",,"Y","F","C","2016_03_WI0560000_NIBRS",9923041,0
2016,7214463,21216,4,2016,"I",,"Y","F","C","2016_04_WI0560000_NIBRS",15779880,0
2016,7237247,21216,5,2016,"I",,"Y","F","C","2016_05_WI0560000_NIBRS",9922756,0
2016,7260031,21216,6,2016,"I",,"Y","F","C","2016_06_WI0560000_NIBRS",15778801,0
2016,7282815,21216,7,2016,"I",,"Y","F","C","2016_07_WI0560000_NIBRS",15778872,0
2016,7305599,21216,8,2016,"I",,"Y","F","C","2016_08_WI0560000_NIBRS",9922595,0
2016,7328383,21216,9,2016,"I",,"Y","F","C","2016_09_WI0560000_NIBRS",15778953,0
2016,7351167,21216,10,2016,"I",,"Y","F","C","2016_10_WI0560000_NIBRS",9923357,0
2016,7373951,21216,11,2016,"I",,"Y","F","C","2016_11_WI0560000_NIBRS",9923461,0
2016,7396735,21216,12,2016,"I",,"Y","F","C","2016_12_WI0560000_NIBRS",15779080,0
2016,7146027,21132,1,2016,"U",,"N","F","C","2016_01_WI0411500_NIBRS",,0
2016,7168811,21132,2,2016,"U",,"N","F","C","2016_02_WI0411500_NIBRS",,0
2016,7191595,21132,3,2016,"U",,"N","F","C","2016_03_WI0411500_NIBRS",,0
2016,7214379,21132,4,2016,"U",,"N","F","C","2016_04_WI0411500_NIBRS",,0
2016,7237163,21132,5,2016,"U",,"N","F","C","2016_05_WI0411500_NIBRS",,0
2016,7259947,21132,6,2016,"U",,"N","F","C","2016_06_WI0411500_NIBRS",,0
2016,7282731,21132,7,2016,"U",,"N","F","C","2016_07_WI0411500_NIBRS",,0
2016,7305515,21132,8,2016,"U",,"N","F","C","2016_08_WI0411500_NIBRS",,0
2016,7328299,21132,9,2016,"U",,"N","F","C","2016_09_WI0411500_NIBRS",,0
2016,7351083,21132,10,2016,"U",,"N","F","C","2016_10_WI0411500_NIBRS",,0
2016,7373867,21132,11,2016,"U",,"N","F","C","2016_11_WI0411500_NIBRS",,0
2016,7396651,21132,12,2016,"U",,"N","F","C","2016_12_WI0411500_NIBRS",,0
2016,7145953,21058,1,2016,"U",,"N","F","C","2016_01_WI0300000_NIBRS",,0
2016,7168737,21058,2,2016,"U",,"N","F","C","2016_02_WI0300000_NIBRS",,0
2016,7191521,21058,3,2016,"U",,"N","F","C","2016_03_WI0300000_NIBRS",,0
2016,7214305,21058,4,2016,"U",,"N","F","C","2016_04_WI0300000_NIBRS",,0
2016,7237089,21058,5,2016,"U",,"N","F","C","2016_05_WI0300000_NIBRS",,0
2016,7259873,21058,6,2016,"U",,"N","F","C","2016_06_WI0300000_NIBRS",,0
2016,7282657,21058,7,2016,"U",,"N","F","C","2016_07_WI0300000_NIBRS",,0
2016,7305441,21058,8,2016,"U",,"N","F","C","2016_08_WI0300000_NIBRS",,0
2016,7328225,21058,9,2016,"U",,"N","F","C","2016_09_WI0300000_NIBRS",,0
2016,7351009,21058,10,2016,"U",,"N","F","C","2016_10_WI0300000_NIBRS",,0
2016,7373793,21058,11,2016,"U",,"N","F","C","2016_11_WI0300000_NIBRS",,0
2016,7396577,21058,12,2016,"U",,"N","F","C","2016_12_WI0300000_NIBRS",,0
2016,7146038,21143,1,2016,"U",,"N","F","C","2016_01_WI0430000_NIBRS",,0
2016,7168822,21143,2,2016,"U",,"N","F","C","2016_02_WI0430000_NIBRS",,0
2016,7191606,21143,3,2016,"U",,"N","F","C","2016_03_WI0430000_NIBRS",,0
2016,7214390,21143,4,2016,"U",,"N","F","C","2016_04_WI0430000_NIBRS",,0
2016,7237174,21143,5,2016,"U",,"N","F","C","2016_05_WI0430000_NIBRS",,0
2016,7259958,21143,6,2016,"U",,"N","F","C","2016_06_WI0430000_NIBRS",,0
2016,7282742,21143,7,2016,"U",,"N","F","C","2016_07_WI0430000_NIBRS",,0
2016,7305526,21143,8,2016,"U",,"N","F","C","2016_08_WI0430000_NIBRS",,0
2016,7328310,21143,9,2016,"U",,"N","F","C","2016_09_WI0430000_NIBRS",,0
2016,7351094,21143,10,2016,"U",,"N","F","C","2016_10_WI0430000_NIBRS",,0
2016,7373878,21143,11,2016,"U",,"N","F","C","2016_11_WI0430000_NIBRS",,0
2016,7396662,21143,12,2016,"U",,"N","F","C","2016_12_WI0430000_NIBRS",,0
2016,7145876,20981,1,2016,"I",,"Y","F","C","2016_01_WI0140000_NIBRS",9840477,0
2016,7168660,20981,2,2016,"I",,"N","F","C","2016_02_WI0140000_NIBRS",2338506,0
2016,7191444,20981,3,2016,"I",,"Y","F","C","2016_03_WI0140000_NIBRS",9840540,0
2016,7214228,20981,4,2016,"I",,"Y","F","C","2016_04_WI0140000_NIBRS",6501335,0
2016,7237012,20981,5,2016,"I",,"Y","F","C","2016_05_WI0140000_NIBRS",2338625,0
2016,7259796,20981,6,2016,"I",,"Y","F","C","2016_06_WI0140000_NIBRS",7702468,0
2016,7282580,20981,7,2016,"I",,"Y","F","C","2016_07_WI0140000_NIBRS",9840691,0
2016,7305364,20981,8,2016,"I",,"N","F","C","2016_08_WI0140000_NIBRS",1314644,0
2016,7328148,20981,9,2016,"I",,"Y","F","C","2016_09_WI0140000_NIBRS",9840762,0
2016,7350932,20981,10,2016,"I",,"Y","F","C","2016_10_WI0140000_NIBRS",15710030,0
2016,7373716,20981,11,2016,"I",,"Y","F","C","2016_11_WI0140000_NIBRS",9840883,0
2016,7396500,20981,12,2016,"I",,"Y","F","C","2016_12_WI0140000_NIBRS",9840956,0
2016,7145867,20972,1,2016,"U",,"N","F","C","2016_01_WI0137000_NIBRS",,0
2016,7168651,20972,2,2016,"U",,"N","F","C","2016_02_WI0137000_NIBRS",,0
2016,7191435,20972,3,2016,"U",,"N","F","C","2016_03_WI0137000_NIBRS",,0
2016,7214219,20972,4,2016,"U",,"N","F","C","2016_04_WI0137000_NIBRS",,0
2016,7237003,20972,5,2016,"U",,"N","F","C","2016_05_WI0137000_NIBRS",,0
2016,7259787,20972,6,2016,"U",,"N","F","C","2016_06_WI0137000_NIBRS",,0
2016,7282571,20972,7,2016,"U",,"N","F","C","2016_07_WI0137000_NIBRS",,0
2016,7305355,20972,8,2016,"U",,"N","F","C","2016_08_WI0137000_NIBRS",,0
2016,7328139,20972,9,2016,"U",,"N","F","C","2016_09_WI0137000_NIBRS",,0
2016,7350923,20972,10,2016,"U",,"N","F","C","2016_10_WI0137000_NIBRS",,0
2016,7373707,20972,11,2016,"U",,"N","F","C","2016_11_WI0137000_NIBRS",,0
2016,7396491,20972,12,2016,"U",,"N","F","C","2016_12_WI0137000_NIBRS",,0
2016,7145991,21096,1,2016,"U",,"N","F","C","2016_01_WI0370300_NIBRS",,0
2016,7168775,21096,2,2016,"U",,"N","F","C","2016_02_WI0370300_NIBRS",,0
2016,7191559,21096,3,2016,"U",,"N","F","C","2016_03_WI0370300_NIBRS",,0
2016,7214343,21096,4,2016,"U",,"N","F","C","2016_04_WI0370300_NIBRS",,0
2016,7237127,21096,5,2016,"U",,"N","F","C","2016_05_WI0370300_NIBRS",,0
2016,7259911,21096,6,2016,"U",,"N","F","C","2016_06_WI0370300_NIBRS",,0
2016,7282695,21096,7,2016,"U",,"N","F","C","2016_07_WI0370300_NIBRS",,0
2016,7305479,21096,8,2016,"U",,"N","F","C","2016_08_WI0370300_NIBRS",,0
2016,7328263,21096,9,2016,"U",,"N","F","C","2016_09_WI0370300_NIBRS",,0
2016,7351047,21096,10,2016,"U",,"N","F","C","2016_10_WI0370300_NIBRS",,0
2016,7373831,21096,11,2016,"U",,"N","F","C","2016_11_WI0370300_NIBRS",,0
2016,7396615,21096,12,2016,"U",,"N","F","C","2016_12_WI0370300_NIBRS",,0
2016,7146022,21127,1,2016,"I",,"Y","F","C","2016_01_WI0411000_NIBRS",15746852,0
2016,7168806,21127,2,2016,"I",,"Y","F","C","2016_02_WI0411000_NIBRS",15746974,0
2016,7191590,21127,3,2016,"I",,"Y","F","C","2016_03_WI0411000_NIBRS",4965394,0
2016,7214374,21127,4,2016,"I",,"Y","F","C","2016_04_WI0411000_NIBRS",15748415,0
2016,7237158,21127,5,2016,"I",,"Y","F","C","2016_05_WI0411000_NIBRS",15747079,0
2016,7259942,21127,6,2016,"I",,"Y","F","C","2016_06_WI0411000_NIBRS",4965970,0
2016,7282726,21127,7,2016,"I",,"Y","F","C","2016_07_WI0411000_NIBRS",15747163,0
2016,7305510,21127,8,2016,"I",,"Y","F","C","2016_08_WI0411000_NIBRS",15747257,0
2016,7328294,21127,9,2016,"I",,"Y","F","C","2016_09_WI0411000_NIBRS",15747455,0
2016,7351078,21127,10,2016,"I",,"Y","F","C","2016_10_WI0411000_NIBRS",15747359,0
2016,7373862,21127,11,2016,"I",,"Y","F","C","2016_11_WI0411000_NIBRS",15747546,0
2016,7396646,21127,12,2016,"I",,"Y","F","C","2016_12_WI0411000_NIBRS",15747640,0
2016,7146209,21314,1,2016,"U",,"N","F","C","2016_01_WI0710000_NIBRS",,0
2016,7168993,21314,2,2016,"U",,"N","F","C","2016_02_WI0710000_NIBRS",,0
2016,7191777,21314,3,2016,"U",,"N","F","C","2016_03_WI0710000_NIBRS",,0
2016,7214561,21314,4,2016,"U",,"N","F","C","2016_04_WI0710000_NIBRS",,0
2016,7237345,21314,5,2016,"U",,"N","F","C","2016_05_WI0710000_NIBRS",,0
2016,7260129,21314,6,2016,"U",,"N","F","C","2016_06_WI0710000_NIBRS",,0
2016,7282913,21314,7,2016,"U",,"N","F","C","2016_07_WI0710000_NIBRS",,0
2016,7305697,21314,8,2016,"U",,"N","F","C","2016_08_WI0710000_NIBRS",,0
2016,7328481,21314,9,2016,"U",,"N","F","C","2016_09_WI0710000_NIBRS",,0
2016,7351265,21314,10,2016,"U",,"N","F","C","2016_10_WI0710000_NIBRS",,0
2016,7374049,21314,11,2016,"U",,"N","F","C","2016_11_WI0710000_NIBRS",,0
2016,7396833,21314,12,2016,"U",,"N","F","C","2016_12_WI0710000_NIBRS",,0
2016,7145904,21009,1,2016,"I",,"Y","F","C","2016_01_WI0200000_NIBRS",7681558,0
2016,7168688,21009,2,2016,"I",,"Y","F","C","2016_02_WI0200000_NIBRS",6571222,0
2016,7191472,21009,3,2016,"I",,"N","F","C","2016_03_WI0200000_NIBRS",,0
2016,7214256,21009,4,2016,"I",,"N","F","C","2016_04_WI0200000_NIBRS",,0
2016,7237040,21009,5,2016,"I",,"Y","F","C","2016_05_WI0200000_NIBRS",7681594,0
2016,7259824,21009,6,2016,"I",,"Y","F","C","2016_06_WI0200000_NIBRS",15710982,0
2016,7282608,21009,7,2016,"I",,"Y","F","C","2016_07_WI0200000_NIBRS",6571057,0
2016,7305392,21009,8,2016,"I",,"Y","F","C","2016_08_WI0200000_NIBRS",9871442,0
2016,7328176,21009,9,2016,"I",,"Y","F","C","2016_09_WI0200000_NIBRS",3725037,0
2016,7350960,21009,10,2016,"I",,"Y","F","C","2016_10_WI0200000_NIBRS",7682246,0
2016,7373744,21009,11,2016,"I",,"Y","F","C","2016_11_WI0200000_NIBRS",7681689,0
2016,7396528,21009,12,2016,"I",,"Y","F","C","2016_12_WI0200000_NIBRS",7682376,0
2016,7146081,21186,1,2016,"I",,"Y","F","C","2016_01_WI0500000_NIBRS",15767197,0
2016,7168865,21186,2,2016,"I",,"Y","F","C","2016_02_WI0500000_NIBRS",15767228,0
2016,7191649,21186,3,2016,"I",,"Y","F","C","2016_03_WI0500000_NIBRS",15767319,0
2016,7214433,21186,4,2016,"I",,"Y","F","C","2016_04_WI0500000_NIBRS",15767387,0
2016,7237217,21186,5,2016,"I",,"Y","F","C","2016_05_WI0500000_NIBRS",15767440,0
2016,7260001,21186,6,2016,"I",,"Y","F","C","2016_06_WI0500000_NIBRS",15767528,0
2016,7282785,21186,7,2016,"I",,"Y","F","C","2016_07_WI0500000_NIBRS",15767626,0
2016,7305569,21186,8,2016,"I",,"Y","F","C","2016_08_WI0500000_NIBRS",15767709,0
2016,7328353,21186,9,2016,"I",,"Y","F","C","2016_09_WI0500000_NIBRS",15767856,0
2016,7351137,21186,10,2016,"I",,"Y","F","C","2016_10_WI0500000_NIBRS",7730726,0
2016,7373921,21186,11,2016,"I",,"Y","F","C","2016_11_WI0500000_NIBRS",15768682,0
2016,7396705,21186,12,2016,"I",,"Y","F","C","2016_12_WI0500000_NIBRS",8602306,0
2016,7146217,21322,1,2016,"U",,"N","F","C","2016_01_WI0720000_NIBRS",,0
2016,7169001,21322,2,2016,"U",,"N","F","C","2016_02_WI0720000_NIBRS",,0
2016,7191785,21322,3,2016,"U",,"N","F","C","2016_03_WI0720000_NIBRS",,0
2016,7214569,21322,4,2016,"U",,"N","F","C","2016_04_WI0720000_NIBRS",,0
2016,7237353,21322,5,2016,"U",,"N","F","C","2016_05_WI0720000_NIBRS",,0
2016,7260137,21322,6,2016,"U",,"N","F","C","2016_06_WI0720000_NIBRS",,0
2016,7282921,21322,7,2016,"U",,"N","F","C","2016_07_WI0720000_NIBRS",,0
2016,7305705,21322,8,2016,"U",,"N","F","C","2016_08_WI0720000_NIBRS",,0
2016,7328489,21322,9,2016,"U",,"N","F","C","2016_09_WI0720000_NIBRS",,0
2016,7351273,21322,10,2016,"U",,"N","F","C","2016_10_WI0720000_NIBRS",,0
2016,7374057,21322,11,2016,"U",,"N","F","C","2016_11_WI0720000_NIBRS",,0
2016,7396841,21322,12,2016,"U",,"N","F","C","2016_12_WI0720000_NIBRS",,0
2016,7146100,21205,1,2016,"U",,"N","F","C","2016_01_WI0540100_NIBRS",,0
2016,7168884,21205,2,2016,"U",,"N","F","C","2016_02_WI0540100_NIBRS",,0
2016,7191668,21205,3,2016,"U",,"N","F","C","2016_03_WI0540100_NIBRS",,0
2016,7214452,21205,4,2016,"U",,"N","F","C","2016_04_WI0540100_NIBRS",,0
2016,7237236,21205,5,2016,"U",,"N","F","C","2016_05_WI0540100_NIBRS",,0
2016,7260020,21205,6,2016,"U",,"N","F","C","2016_06_WI0540100_NIBRS",,0
2016,7282804,21205,7,2016,"U",,"N","F","C","2016_07_WI0540100_NIBRS",,0
2016,7305588,21205,8,2016,"U",,"N","F","C","2016_08_WI0540100_NIBRS",,0
2016,7328372,21205,9,2016,"U",,"N","F","C","2016_09_WI0540100_NIBRS",,0
2016,7351156,21205,10,2016,"U",,"N","F","C","2016_10_WI0540100_NIBRS",,0
2016,7373940,21205,11,2016,"U",,"N","F","C","2016_11_WI0540100_NIBRS",,0
2016,7396724,21205,12,2016,"U",,"N","F","C","2016_12_WI0540100_NIBRS",,0
2016,7145855,20960,1,2016,"U",,"N","F","C","2016_01_WI0130600_NIBRS",,0
2016,7168639,20960,2,2016,"U",,"N","F","C","2016_02_WI0130600_NIBRS",,0
2016,7191423,20960,3,2016,"U",,"N","F","C","2016_03_WI0130600_NIBRS",,0
2016,7214207,20960,4,2016,"U",,"N","F","C","2016_04_WI0130600_NIBRS",,0
2016,7236991,20960,5,2016,"U",,"N","F","C","2016_05_WI0130600_NIBRS",,0
2016,7259775,20960,6,2016,"U",,"N","F","C","2016_06_WI0130600_NIBRS",,0
2016,7282559,20960,7,2016,"U",,"N","F","C","2016_07_WI0130600_NIBRS",,0
2016,7305343,20960,8,2016,"U",,"N","F","C","2016_08_WI0130600_NIBRS",,0
2016,7328127,20960,9,2016,"U",,"N","F","C","2016_09_WI0130600_NIBRS",,0
2016,7350911,20960,10,2016,"U",,"N","F","C","2016_10_WI0130600_NIBRS",,0
2016,7373695,20960,11,2016,"U",,"N","F","C","2016_11_WI0130600_NIBRS",,0
2016,7396479,20960,12,2016,"U",,"N","F","C","2016_12_WI0130600_NIBRS",,0
2016,7145982,21087,1,2016,"I",,"N","F","C","2016_01_WI0360100_NIBRS",3738439,0
2016,7168766,21087,2,2016,"I",,"N","F","C","2016_02_WI0360100_NIBRS",2351554,0
2016,7191550,21087,3,2016,"I",,"N","F","C","2016_03_WI0360100_NIBRS",4902638,0
2016,7214334,21087,4,2016,"I",,"N","F","C","2016_04_WI0360100_NIBRS",,0
2016,7237118,21087,5,2016,"I",,"N","F","C","2016_05_WI0360100_NIBRS",,0
2016,7259902,21087,6,2016,"I",,"Y","F","C","2016_06_WI0360100_NIBRS",9895432,0
2016,7146084,21189,1,2016,"U",,"N","F","C","2016_01_WI0500600_NIBRS",,0
2016,7168868,21189,2,2016,"U",,"N","F","C","2016_02_WI0500600_NIBRS",,0
2016,7191652,21189,3,2016,"U",,"N","F","C","2016_03_WI0500600_NIBRS",,0
2016,7214436,21189,4,2016,"U",,"N","F","C","2016_04_WI0500600_NIBRS",,0
2016,7237220,21189,5,2016,"U",,"N","F","C","2016_05_WI0500600_NIBRS",,0
2016,7260004,21189,6,2016,"U",,"N","F","C","2016_06_WI0500600_NIBRS",,0
2016,7282788,21189,7,2016,"U",,"N","F","C","2016_07_WI0500600_NIBRS",,0
2016,7305572,21189,8,2016,"U",,"N","F","C","2016_08_WI0500600_NIBRS",,0
2016,7328356,21189,9,2016,"U",,"N","F","C","2016_09_WI0500600_NIBRS",,0
2016,7351140,21189,10,2016,"U",,"N","F","C","2016_10_WI0500600_NIBRS",,0
2016,7373924,21189,11,2016,"U",,"N","F","C","2016_11_WI0500600_NIBRS",,0
2016,7396708,21189,12,2016,"U",,"N","F","C","2016_12_WI0500600_NIBRS",,0
2016,7146058,21163,1,2016,"U",,"N","F","C","2016_01_WI0451300_NIBRS",,0
2016,7168842,21163,2,2016,"U",,"N","F","C","2016_02_WI0451300_NIBRS",,0
2016,7191626,21163,3,2016,"U",,"N","F","C","2016_03_WI0451300_NIBRS",,0
2016,7214410,21163,4,2016,"U",,"N","F","C","2016_04_WI0451300_NIBRS",,0
2016,7237194,21163,5,2016,"U",,"N","F","C","2016_05_WI0451300_NIBRS",,0
2016,7259978,21163,6,2016,"U",,"N","F","C","2016_06_WI0451300_NIBRS",,0
2016,7282762,21163,7,2016,"U",,"N","F","C","2016_07_WI0451300_NIBRS",,0
2016,7305546,21163,8,2016,"U",,"N","F","C","2016_08_WI0451300_NIBRS",,0
2016,7328330,21163,9,2016,"U",,"N","F","C","2016_09_WI0451300_NIBRS",,0
2016,7351114,21163,10,2016,"U",,"N","F","C","2016_10_WI0451300_NIBRS",,0
2016,7373898,21163,11,2016,"U",,"N","F","C","2016_11_WI0451300_NIBRS",,0
2016,7396682,21163,12,2016,"U",,"N","F","C","2016_12_WI0451300_NIBRS",,0
2016,7146074,21179,1,2016,"U",,"N","F","C","2016_01_WI0480600_NIBRS",,0
2016,7168858,21179,2,2016,"U",,"N","F","C","2016_02_WI0480600_NIBRS",,0
2016,7191642,21179,3,2016,"U",,"N","F","C","2016_03_WI0480600_NIBRS",,0
2016,7214426,21179,4,2016,"U",,"N","F","C","2016_04_WI0480600_NIBRS",,0
2016,7237210,21179,5,2016,"U",,"N","F","C","2016_05_WI0480600_NIBRS",,0
2016,7259994,21179,6,2016,"U",,"N","F","C","2016_06_WI0480600_NIBRS",,0
2016,7282778,21179,7,2016,"U",,"N","F","C","2016_07_WI0480600_NIBRS",,0
2016,7305562,21179,8,2016,"U",,"N","F","C","2016_08_WI0480600_NIBRS",,0
2016,7328346,21179,9,2016,"U",,"N","F","C","2016_09_WI0480600_NIBRS",,0
2016,7351130,21179,10,2016,"U",,"N","F","C","2016_10_WI0480600_NIBRS",,0
2016,7373914,21179,11,2016,"U",,"N","F","C","2016_11_WI0480600_NIBRS",,0
2016,7396698,21179,12,2016,"U",,"N","F","C","2016_12_WI0480600_NIBRS",,0
2016,7145956,21061,1,2016,"U",,"N","F","C","2016_01_WI0300300_NIBRS",,0
2016,7168740,21061,2,2016,"U",,"N","F","C","2016_02_WI0300300_NIBRS",,0
2016,7191524,21061,3,2016,"U",,"N","F","C","2016_03_WI0300300_NIBRS",,0
2016,7214308,21061,4,2016,"U",,"N","F","C","2016_04_WI0300300_NIBRS",,0
2016,7237092,21061,5,2016,"U",,"N","F","C","2016_05_WI0300300_NIBRS",,0
2016,7259876,21061,6,2016,"U",,"N","F","C","2016_06_WI0300300_NIBRS",,0
2016,7282660,21061,7,2016,"U",,"N","F","C","2016_07_WI0300300_NIBRS",,0
2016,7305444,21061,8,2016,"U",,"N","F","C","2016_08_WI0300300_NIBRS",,0
2016,7328228,21061,9,2016,"U",,"N","F","C","2016_09_WI0300300_NIBRS",,0
2016,7351012,21061,10,2016,"U",,"N","F","C","2016_10_WI0300300_NIBRS",,0
2016,7373796,21061,11,2016,"U",,"N","F","C","2016_11_WI0300300_NIBRS",,0
2016,7396580,21061,12,2016,"U",,"N","F","C","2016_12_WI0300300_NIBRS",,0
2016,7147559,26078,1,2016,"U",,"N","F","C","2016_01_WI041249E_NIBRS",,0
2016,7170343,26078,2,2016,"U",,"N","F","C","2016_02_WI041249E_NIBRS",,0
2016,7193127,26078,3,2016,"U",,"N","F","C","2016_03_WI041249E_NIBRS",,0
2016,7215911,26078,4,2016,"U",,"N","F","C","2016_04_WI041249E_NIBRS",,0
2016,7238695,26078,5,2016,"U",,"N","F","C","2016_05_WI041249E_NIBRS",,0
2016,7261479,26078,6,2016,"U",,"N","F","C","2016_06_WI041249E_NIBRS",,0
2016,7284263,26078,7,2016,"U",,"N","F","C","2016_07_WI041249E_NIBRS",,0
2016,7307047,26078,8,2016,"U",,"N","F","C","2016_08_WI041249E_NIBRS",,0
2016,7329831,26078,9,2016,"U",,"N","F","C","2016_09_WI041249E_NIBRS",,0
2016,7352615,26078,10,2016,"U",,"N","F","C","2016_10_WI041249E_NIBRS",,0
2016,7375399,26078,11,2016,"U",,"N","F","C","2016_11_WI041249E_NIBRS",,0
2016,7398183,26078,12,2016,"U",,"N","F","C","2016_12_WI041249E_NIBRS",,0
2016,7146227,21332,1,2016,"U",,"N","F","C","2016_01_WIWSP0000_NIBRS",,0
2016,7169011,21332,2,2016,"U",,"N","F","C","2016_02_WIWSP0000_NIBRS",,0
2016,7191795,21332,3,2016,"U",,"N","F","C","2016_03_WIWSP0000_NIBRS",,0
2016,7214579,21332,4,2016,"U",,"N","F","C","2016_04_WIWSP0000_NIBRS",,0
2016,7237363,21332,5,2016,"U",,"N","F","C","2016_05_WIWSP0000_NIBRS",,0
2016,7260147,21332,6,2016,"U",,"N","F","C","2016_06_WIWSP0000_NIBRS",,0
2016,7282931,21332,7,2016,"U",,"N","F","C","2016_07_WIWSP0000_NIBRS",,0
2016,7305715,21332,8,2016,"U",,"N","F","C","2016_08_WIWSP0000_NIBRS",,0
2016,7328499,21332,9,2016,"U",,"N","F","C","2016_09_WIWSP0000_NIBRS",,0
2016,7351283,21332,10,2016,"U",,"N","F","C","2016_10_WIWSP0000_NIBRS",,0
2016,7374067,21332,11,2016,"U",,"N","F","C","2016_11_WIWSP0000_NIBRS",,0
2016,7396851,21332,12,2016,"U",,"N","F","C","2016_12_WIWSP0000_NIBRS",,0
2016,7145889,20994,1,2016,"U",,"N","F","C","2016_01_WI0150500_NIBRS",,0
2016,7168673,20994,2,2016,"U",,"N","F","C","2016_02_WI0150500_NIBRS",,0
2016,7191457,20994,3,2016,"U",,"N","F","C","2016_03_WI0150500_NIBRS",,0
2016,7214241,20994,4,2016,"U",,"N","F","C","2016_04_WI0150500_NIBRS",,0
2016,7237025,20994,5,2016,"U",,"N","F","C","2016_05_WI0150500_NIBRS",,0
2016,7259809,20994,6,2016,"U",,"N","F","C","2016_06_WI0150500_NIBRS",,0
2016,7282593,20994,7,2016,"U",,"N","F","C","2016_07_WI0150500_NIBRS",,0
2016,7305377,20994,8,2016,"U",,"N","F","C","2016_08_WI0150500_NIBRS",,0
2016,7328161,20994,9,2016,"U",,"N","F","C","2016_09_WI0150500_NIBRS",,0
2016,7350945,20994,10,2016,"U",,"N","F","C","2016_10_WI0150500_NIBRS",,0
2016,7373729,20994,11,2016,"U",,"N","F","C","2016_11_WI0150500_NIBRS",,0
2016,7396513,20994,12,2016,"U",,"N","F","C","2016_12_WI0150500_NIBRS",,0
2016,7145908,21013,1,2016,"I",,"N","F","C","2016_01_WI0200400_NIBRS",,0
2016,7168692,21013,2,2016,"I",,"N","F","C","2016_02_WI0200400_NIBRS",,0
2016,7191476,21013,3,2016,"I",,"N","F","C","2016_03_WI0200400_NIBRS",,0
2016,7214260,21013,4,2016,"I",,"N","F","C","2016_04_WI0200400_NIBRS",,0
2016,7237044,21013,5,2016,"I",,"N","F","C","2016_05_WI0200400_NIBRS",,0
2016,7259828,21013,6,2016,"I",,"N","F","C","2016_06_WI0200400_NIBRS",,0
2016,7282612,21013,7,2016,"I",,"Y","F","C","2016_07_WI0200400_NIBRS",1315271,0
2016,7305396,21013,8,2016,"I",,"N","F","C","2016_08_WI0200400_NIBRS",,0
2016,7328180,21013,9,2016,"I",,"Y","F","C","2016_09_WI0200400_NIBRS",1315494,0
2016,7350964,21013,10,2016,"I",,"Y","F","C","2016_10_WI0200400_NIBRS",6500710,0
2016,7373748,21013,11,2016,"I",,"Y","F","C","2016_11_WI0200400_NIBRS",1315371,0
2016,7396532,21013,12,2016,"I",,"Y","F","C","2016_12_WI0200400_NIBRS",6500959,0
2016,7145842,20947,1,2016,"I",,"Y","F","C","2016_01_WI0110300_NIBRS",2256721,0
2016,7168626,20947,2,2016,"I",,"Y","F","C","2016_02_WI0110300_NIBRS",15691277,0
2016,7191410,20947,3,2016,"I",,"Y","F","C","2016_03_WI0110300_NIBRS",9856142,0
2016,7214194,20947,4,2016,"I",,"Y","F","C","2016_04_WI0110300_NIBRS",15691325,0
2016,7236978,20947,5,2016,"I",,"Y","F","C","2016_05_WI0110300_NIBRS",15691359,0
2016,7259762,20947,6,2016,"I",,"Y","F","C","2016_06_WI0110300_NIBRS",2256962,0
2016,7282546,20947,7,2016,"I",,"Y","F","C","2016_07_WI0110300_NIBRS",6544713,0
2016,7305330,20947,8,2016,"I",,"Y","F","C","2016_08_WI0110300_NIBRS",6544488,0
2016,7328114,20947,9,2016,"I",,"Y","F","C","2016_09_WI0110300_NIBRS",2257112,0
2016,7350898,20947,10,2016,"I",,"Y","F","C","2016_10_WI0110300_NIBRS",2257172,0
2016,7373682,20947,11,2016,"I",,"Y","F","C","2016_11_WI0110300_NIBRS",6915024,0
2016,7396466,20947,12,2016,"I",,"Y","F","C","2016_12_WI0110300_NIBRS",15691384,0
2016,7146102,21207,1,2016,"U",,"N","F","C","2016_01_WI0540300_NIBRS",,0
2016,7168886,21207,2,2016,"U",,"N","F","C","2016_02_WI0540300_NIBRS",,0
2016,7191670,21207,3,2016,"U",,"N","F","C","2016_03_WI0540300_NIBRS",,0
2016,7214454,21207,4,2016,"U",,"N","F","C","2016_04_WI0540300_NIBRS",,0
2016,7237238,21207,5,2016,"U",,"N","F","C","2016_05_WI0540300_NIBRS",,0
2016,7260022,21207,6,2016,"U",,"N","F","C","2016_06_WI0540300_NIBRS",,0
2016,7282806,21207,7,2016,"U",,"N","F","C","2016_07_WI0540300_NIBRS",,0
2016,7305590,21207,8,2016,"U",,"N","F","C","2016_08_WI0540300_NIBRS",,0
2016,7328374,21207,9,2016,"U",,"N","F","C","2016_09_WI0540300_NIBRS",,0
2016,7351158,21207,10,2016,"U",,"N","F","C","2016_10_WI0540300_NIBRS",,0
2016,7373942,21207,11,2016,"U",,"N","F","C","2016_11_WI0540300_NIBRS",,0
2016,7396726,21207,12,2016,"U",,"N","F","C","2016_12_WI0540300_NIBRS",,0
2016,7146194,21299,1,2016,"U",,"N","F","C","2016_01_WI0681600_NIBRS",,0
2016,7168978,21299,2,2016,"U",,"N","F","C","2016_02_WI0681600_NIBRS",,0
2016,7191762,21299,3,2016,"U",,"N","F","C","2016_03_WI0681600_NIBRS",,0
2016,7214546,21299,4,2016,"U",,"N","F","C","2016_04_WI0681600_NIBRS",,0
2016,7237330,21299,5,2016,"U",,"N","F","C","2016_05_WI0681600_NIBRS",,0
2016,7260114,21299,6,2016,"U",,"N","F","C","2016_06_WI0681600_NIBRS",,0
2016,7282898,21299,7,2016,"U",,"N","F","C","2016_07_WI0681600_NIBRS",,0
2016,7305682,21299,8,2016,"U",,"N","F","C","2016_08_WI0681600_NIBRS",,0
2016,7328466,21299,9,2016,"U",,"N","F","C","2016_09_WI0681600_NIBRS",,0
2016,7351250,21299,10,2016,"U",,"N","F","C","2016_10_WI0681600_NIBRS",,0
2016,7374034,21299,11,2016,"U",,"N","F","C","2016_11_WI0681600_NIBRS",,0
2016,7396818,21299,12,2016,"U",,"N","F","C","2016_12_WI0681600_NIBRS",,0
2016,7146177,21282,1,2016,"U",,"N","F","C","2016_01_WI0670500_NIBRS",,0
2016,7168961,21282,2,2016,"U",,"N","F","C","2016_02_WI0670500_NIBRS",,0
2016,7191745,21282,3,2016,"U",,"N","F","C","2016_03_WI0670500_NIBRS",,0
2016,7214529,21282,4,2016,"U",,"N","F","C","2016_04_WI0670500_NIBRS",,0
2016,7237313,21282,5,2016,"U",,"N","F","C","2016_05_WI0670500_NIBRS",,0
2016,7260097,21282,6,2016,"U",,"N","F","C","2016_06_WI0670500_NIBRS",,0
2016,7282881,21282,7,2016,"U",,"N","F","C","2016_07_WI0670500_NIBRS",,0
2016,7305665,21282,8,2016,"U",,"N","F","C","2016_08_WI0670500_NIBRS",,0
2016,7328449,21282,9,2016,"U",,"N","F","C","2016_09_WI0670500_NIBRS",,0
2016,7351233,21282,10,2016,"U",,"N","F","C","2016_10_WI0670500_NIBRS",,0
2016,7374017,21282,11,2016,"U",,"N","F","C","2016_11_WI0670500_NIBRS",,0
2016,7396801,21282,12,2016,"U",,"N","F","C","2016_12_WI0670500_NIBRS",,0
2016,7145881,20986,1,2016,"I",,"Y","F","C","2016_01_WI0140500_NIBRS",6568476,0
2016,7168665,20986,2,2016,"I",,"Y","F","C","2016_02_WI0140500_NIBRS",15709736,0
2016,7191449,20986,3,2016,"I",,"Y","F","C","2016_03_WI0140500_NIBRS",15709803,0
2016,7214233,20986,4,2016,"I",,"Y","F","C","2016_04_WI0140500_NIBRS",6568103,0
2016,7237017,20986,5,2016,"I",,"Y","F","C","2016_05_WI0140500_NIBRS",9871643,0
2016,7259801,20986,6,2016,"I",,"Y","F","C","2016_06_WI0140500_NIBRS",6568137,0
2016,7282585,20986,7,2016,"I",,"Y","F","C","2016_07_WI0140500_NIBRS",6568174,0
2016,7305369,20986,8,2016,"I",,"Y","F","C","2016_08_WI0140500_NIBRS",2338908,0
2016,7328153,20986,9,2016,"I",,"Y","F","C","2016_09_WI0140500_NIBRS",2338942,0
2016,7350937,20986,10,2016,"I",,"Y","F","C","2016_10_WI0140500_NIBRS",9871169,0
2016,7373721,20986,11,2016,"I",,"Y","F","C","2016_11_WI0140500_NIBRS",9871226,0
2016,7396505,20986,12,2016,"I",,"Y","F","C","2016_12_WI0140500_NIBRS",8581821,0
2016,7146092,21197,1,2016,"U",,"N","F","C","2016_01_WI0520400_NIBRS",,0
2016,7168876,21197,2,2016,"U",,"N","F","C","2016_02_WI0520400_NIBRS",,0
2016,7191660,21197,3,2016,"U",,"N","F","C","2016_03_WI0520400_NIBRS",,0
2016,7214444,21197,4,2016,"U",,"N","F","C","2016_04_WI0520400_NIBRS",,0
2016,7237228,21197,5,2016,"U",,"N","F","C","2016_05_WI0520400_NIBRS",,0
2016,7260012,21197,6,2016,"U",,"N","F","C","2016_06_WI0520400_NIBRS",,0
2016,7282796,21197,7,2016,"U",,"N","F","C","2016_07_WI0520400_NIBRS",,0
2016,7305580,21197,8,2016,"U",,"N","F","C","2016_08_WI0520400_NIBRS",,0
2016,7328364,21197,9,2016,"U",,"N","F","C","2016_09_WI0520400_NIBRS",,0
2016,7351148,21197,10,2016,"U",,"N","F","C","2016_10_WI0520400_NIBRS",,0
2016,7373932,21197,11,2016,"U",,"N","F","C","2016_11_WI0520400_NIBRS",,0
2016,7396716,21197,12,2016,"U",,"N","F","C","2016_12_WI0520400_NIBRS",,0
2016,7145989,21094,1,2016,"U",,"N","F","C","2016_01_WI0370100_NIBRS",,0
2016,7168773,21094,2,2016,"U",,"N","F","C","2016_02_WI0370100_NIBRS",,0
2016,7191557,21094,3,2016,"U",,"N","F","C","2016_03_WI0370100_NIBRS",,0
2016,7214341,21094,4,2016,"U",,"N","F","C","2016_04_WI0370100_NIBRS",,0
2016,7237125,21094,5,2016,"U",,"N","F","C","2016_05_WI0370100_NIBRS",,0
2016,7259909,21094,6,2016,"U",,"N","F","C","2016_06_WI0370100_NIBRS",,0
2016,7282693,21094,7,2016,"U",,"N","F","C","2016_07_WI0370100_NIBRS",,0
2016,7305477,21094,8,2016,"U",,"N","F","C","2016_08_WI0370100_NIBRS",,0
2016,7328261,21094,9,2016,"U",,"N","F","C","2016_09_WI0370100_NIBRS",,0
2016,7351045,21094,10,2016,"U",,"N","F","C","2016_10_WI0370100_NIBRS",,0
2016,7373829,21094,11,2016,"U",,"N","F","C","2016_11_WI0370100_NIBRS",,0
2016,7396613,21094,12,2016,"U",,"N","F","C","2016_12_WI0370100_NIBRS",,0
2016,7145966,21071,1,2016,"I",,"N","F","C","2016_01_WI0320300_NIBRS",,0
2016,7168750,21071,2,2016,"I",,"N","F","C","2016_02_WI0320300_NIBRS",3737787,0
2016,7191534,21071,3,2016,"I",,"Y","F","C","2016_03_WI0320300_NIBRS",15736244,0
2016,7214318,21071,4,2016,"I",,"N","F","C","2016_04_WI0320300_NIBRS",,0
2016,7237102,21071,5,2016,"I",,"Y","F","C","2016_05_WI0320300_NIBRS",15736406,0
2016,7259886,21071,6,2016,"I",,"N","F","C","2016_06_WI0320300_NIBRS",,0
2016,7282670,21071,7,2016,"I",,"N","F","C","2016_07_WI0320300_NIBRS",,0
2016,7305454,21071,8,2016,"I",,"Y","F","C","2016_08_WI0320300_NIBRS",3737768,0
2016,7328238,21071,9,2016,"I",,"Y","F","C","2016_09_WI0320300_NIBRS",1322166,0
2016,7351022,21071,10,2016,"I",,"Y","F","C","2016_10_WI0320300_NIBRS",1322298,0
2016,7373806,21071,11,2016,"I",,"Y","F","C","2016_11_WI0320300_NIBRS",9892966,0
2016,7396590,21071,12,2016,"I",,"Y","F","C","2016_12_WI0320300_NIBRS",3737728,0
2016,7146165,21270,1,2016,"U",,"N","F","C","2016_01_WI0651200_NIBRS",,0
2016,7168949,21270,2,2016,"U",,"N","F","C","2016_02_WI0651200_NIBRS",,0
2016,7191733,21270,3,2016,"U",,"N","F","C","2016_03_WI0651200_NIBRS",,0
2016,7214517,21270,4,2016,"U",,"N","F","C","2016_04_WI0651200_NIBRS",,0
2016,7237301,21270,5,2016,"U",,"N","F","C","2016_05_WI0651200_NIBRS",,0
2016,7260085,21270,6,2016,"U",,"N","F","C","2016_06_WI0651200_NIBRS",,0
2016,7282869,21270,7,2016,"U",,"N","F","C","2016_07_WI0651200_NIBRS",,0
2016,7305653,21270,8,2016,"U",,"N","F","C","2016_08_WI0651200_NIBRS",,0
2016,7328437,21270,9,2016,"U",,"N","F","C","2016_09_WI0651200_NIBRS",,0
2016,7351221,21270,10,2016,"U",,"N","F","C","2016_10_WI0651200_NIBRS",,0
2016,7374005,21270,11,2016,"U",,"N","F","C","2016_11_WI0651200_NIBRS",,0
2016,7396789,21270,12,2016,"U",,"N","F","C","2016_12_WI0651200_NIBRS",,0
2016,7145932,21037,1,2016,"U",,"N","F","C","2016_01_WI0250100_NIBRS",,0
2016,7168716,21037,2,2016,"U",,"N","F","C","2016_02_WI0250100_NIBRS",,0
2016,7191500,21037,3,2016,"U",,"N","F","C","2016_03_WI0250100_NIBRS",,0
2016,7214284,21037,4,2016,"U",,"N","F","C","2016_04_WI0250100_NIBRS",,0
2016,7237068,21037,5,2016,"U",,"N","F","C","2016_05_WI0250100_NIBRS",,0
2016,7259852,21037,6,2016,"U",,"N","F","C","2016_06_WI0250100_NIBRS",,0
2016,7282636,21037,7,2016,"U",,"N","F","C","2016_07_WI0250100_NIBRS",,0
2016,7305420,21037,8,2016,"U",,"N","F","C","2016_08_WI0250100_NIBRS",,0
2016,7328204,21037,9,2016,"U",,"N","F","C","2016_09_WI0250100_NIBRS",,0
2016,7350988,21037,10,2016,"U",,"N","F","C","2016_10_WI0250100_NIBRS",,0
2016,7373772,21037,11,2016,"U",,"N","F","C","2016_11_WI0250100_NIBRS",,0
2016,7396556,21037,12,2016,"U",,"N","F","C","2016_12_WI0250100_NIBRS",,0
2016,7146119,21224,1,2016,"U",,"N","F","C","2016_01_WI0570300_NIBRS",,0
2016,7168903,21224,2,2016,"U",,"N","F","C","2016_02_WI0570300_NIBRS",,0
2016,7191687,21224,3,2016,"U",,"N","F","C","2016_03_WI0570300_NIBRS",,0
2016,7214471,21224,4,2016,"U",,"N","F","C","2016_04_WI0570300_NIBRS",,0
2016,7237255,21224,5,2016,"U",,"N","F","C","2016_05_WI0570300_NIBRS",,0
2016,7260039,21224,6,2016,"U",,"N","F","C","2016_06_WI0570300_NIBRS",,0
2016,7282823,21224,7,2016,"U",,"N","F","C","2016_07_WI0570300_NIBRS",,0
2016,7396781,21262,12,2016,"U",,"N","F","C","2016_12_WI0650300_NIBRS",,0
2016,7145977,21082,1,2016,"U",,"N","F","C","2016_01_WI0340100_NIBRS",,0
2016,7168761,21082,2,2016,"U",,"N","F","C","2016_02_WI0340100_NIBRS",,0
2016,7191545,21082,3,2016,"U",,"N","F","C","2016_03_WI0340100_NIBRS",,0
2016,7214329,21082,4,2016,"U",,"N","F","C","2016_04_WI0340100_NIBRS",,0
2016,7237113,21082,5,2016,"U",,"N","F","C","2016_05_WI0340100_NIBRS",,0
2016,7259897,21082,6,2016,"U",,"N","F","C","2016_06_WI0340100_NIBRS",,0
2016,7282681,21082,7,2016,"U",,"N","F","C","2016_07_WI0340100_NIBRS",,0
2016,7305465,21082,8,2016,"U",,"N","F","C","2016_08_WI0340100_NIBRS",,0
2016,7328249,21082,9,2016,"U",,"N","F","C","2016_09_WI0340100_NIBRS",,0
2016,7351033,21082,10,2016,"U",,"N","F","C","2016_10_WI0340100_NIBRS",,0
2016,7373817,21082,11,2016,"U",,"N","F","C","2016_11_WI0340100_NIBRS",,0
2016,7396601,21082,12,2016,"U",,"N","F","C","2016_12_WI0340100_NIBRS",,0
2016,7146191,21296,1,2016,"I",,"Y","F","C","2016_01_WI0681200_NIBRS",15682014,0
2016,7168975,21296,2,2016,"I",,"Y","F","C","2016_02_WI0681200_NIBRS",15681415,0
2016,7191759,21296,3,2016,"I",,"Y","F","C","2016_03_WI0681200_NIBRS",15681437,0
2016,7214543,21296,4,2016,"I",,"Y","F","C","2016_04_WI0681200_NIBRS",15681491,0
2016,7237327,21296,5,2016,"I",,"Y","F","C","2016_05_WI0681200_NIBRS",15682046,0
2016,7260111,21296,6,2016,"I",,"Y","F","C","2016_06_WI0681200_NIBRS",15681550,0
2016,7282895,21296,7,2016,"I",,"Y","F","C","2016_07_WI0681200_NIBRS",15681585,0
2016,7305679,21296,8,2016,"I",,"Y","F","C","2016_08_WI0681200_NIBRS",15681610,0
2016,7328463,21296,9,2016,"I",,"Y","F","C","2016_09_WI0681200_NIBRS",15681669,0
2016,7351247,21296,10,2016,"I",,"Y","F","C","2016_10_WI0681200_NIBRS",15682130,0
2016,7374031,21296,11,2016,"I",,"Y","F","C","2016_11_WI0681200_NIBRS",15681385,0
2016,7396815,21296,12,2016,"I",,"Y","F","C","2016_12_WI0681200_NIBRS",15681222,0
2016,7146186,21291,1,2016,"U",,"N","F","C","2016_01_WI0680700_NIBRS",,0
2016,7168970,21291,2,2016,"U",,"N","F","C","2016_02_WI0680700_NIBRS",,0
2016,7191754,21291,3,2016,"U",,"N","F","C","2016_03_WI0680700_NIBRS",,0
2016,7214538,21291,4,2016,"U",,"N","F","C","2016_04_WI0680700_NIBRS",,0
2016,7237322,21291,5,2016,"U",,"N","F","C","2016_05_WI0680700_NIBRS",,0
2016,7260106,21291,6,2016,"U",,"N","F","C","2016_06_WI0680700_NIBRS",,0
2016,7282890,21291,7,2016,"U",,"N","F","C","2016_07_WI0680700_NIBRS",,0
2016,7305674,21291,8,2016,"U",,"N","F","C","2016_08_WI0680700_NIBRS",,0
2016,7328458,21291,9,2016,"U",,"N","F","C","2016_09_WI0680700_NIBRS",,0
2016,7351242,21291,10,2016,"U",,"N","F","C","2016_10_WI0680700_NIBRS",,0
2016,7374026,21291,11,2016,"U",,"N","F","C","2016_11_WI0680700_NIBRS",,0
2016,7396810,21291,12,2016,"U",,"N","F","C","2016_12_WI0680700_NIBRS",,0
2016,7145857,20962,1,2016,"I",,"N","F","C","2016_01_WI0131000_NIBRS",,0
2016,7168641,20962,2,2016,"I",,"N","F","C","2016_02_WI0131000_NIBRS",,0
2016,7191425,20962,3,2016,"I",,"N","F","C","2016_03_WI0131000_NIBRS",,0
2016,7214209,20962,4,2016,"I",,"N","F","C","2016_04_WI0131000_NIBRS",,0
2016,7236993,20962,5,2016,"I",,"N","F","C","2016_05_WI0131000_NIBRS",,0
2016,7259777,20962,6,2016,"I",,"N","F","C","2016_06_WI0131000_NIBRS",,0
2016,7282561,20962,7,2016,"I",,"N","F","C","2016_07_WI0131000_NIBRS",,0
2016,7305345,20962,8,2016,"I",,"N","F","C","2016_08_WI0131000_NIBRS",,0
2016,7328129,20962,9,2016,"I",,"Y","F","C","2016_09_WI0131000_NIBRS",1295661,0
2016,7350913,20962,10,2016,"I",,"Y","F","C","2016_10_WI0131000_NIBRS",1295742,0
2016,7373697,20962,11,2016,"I",,"Y","F","C","2016_11_WI0131000_NIBRS",3720819,0
2016,7396481,20962,12,2016,"I",,"Y","F","C","2016_12_WI0131000_NIBRS",3720880,0
2016,7146178,21283,1,2016,"U",,"N","F","C","2016_01_WI0670700_NIBRS",,0
2016,7168962,21283,2,2016,"U",,"N","F","C","2016_02_WI0670700_NIBRS",,0
2016,7191746,21283,3,2016,"U",,"N","F","C","2016_03_WI0670700_NIBRS",,0
2016,7214530,21283,4,2016,"U",,"N","F","C","2016_04_WI0670700_NIBRS",,0
2016,7237314,21283,5,2016,"U",,"N","F","C","2016_05_WI0670700_NIBRS",,0
2016,7260098,21283,6,2016,"U",,"N","F","C","2016_06_WI0670700_NIBRS",,0
2016,7282882,21283,7,2016,"U",,"N","F","C","2016_07_WI0670700_NIBRS",,0
2016,7305666,21283,8,2016,"U",,"N","F","C","2016_08_WI0670700_NIBRS",,0
2016,7328450,21283,9,2016,"U",,"N","F","C","2016_09_WI0670700_NIBRS",,0
2016,7351234,21283,10,2016,"U",,"N","F","C","2016_10_WI0670700_NIBRS",,0
2016,7374018,21283,11,2016,"U",,"N","F","C","2016_11_WI0670700_NIBRS",,0
2016,7396802,21283,12,2016,"U",,"N","F","C","2016_12_WI0670700_NIBRS",,0
2016,7146050,21155,1,2016,"U",,"N","F","C","2016_01_WI0450300_NIBRS",,0
2016,7168834,21155,2,2016,"U",,"N","F","C","2016_02_WI0450300_NIBRS",,0
2016,7191618,21155,3,2016,"U",,"N","F","C","2016_03_WI0450300_NIBRS",,0
2016,7214402,21155,4,2016,"U",,"N","F","C","2016_04_WI0450300_NIBRS",,0
2016,7237186,21155,5,2016,"U",,"N","F","C","2016_05_WI0450300_NIBRS",,0
2016,7259970,21155,6,2016,"U",,"N","F","C","2016_06_WI0450300_NIBRS",,0
2016,7282754,21155,7,2016,"U",,"N","F","C","2016_07_WI0450300_NIBRS",,0
2016,7305538,21155,8,2016,"U",,"N","F","C","2016_08_WI0450300_NIBRS",,0
2016,7328322,21155,9,2016,"U",,"N","F","C","2016_09_WI0450300_NIBRS",,0
2016,7351106,21155,10,2016,"U",,"N","F","C","2016_10_WI0450300_NIBRS",,0
2016,7373890,21155,11,2016,"U",,"N","F","C","2016_11_WI0450300_NIBRS",,0
2016,7396674,21155,12,2016,"U",,"N","F","C","2016_12_WI0450300_NIBRS",,0
2016,7146096,21201,1,2016,"U",,"N","F","C","2016_01_WI0520800_NIBRS",,0
2016,7168880,21201,2,2016,"U",,"N","F","C","2016_02_WI0520800_NIBRS",,0
2016,7191664,21201,3,2016,"U",,"N","F","C","2016_03_WI0520800_NIBRS",,0
2016,7214448,21201,4,2016,"U",,"N","F","C","2016_04_WI0520800_NIBRS",,0
2016,7237232,21201,5,2016,"U",,"N","F","C","2016_05_WI0520800_NIBRS",,0
2016,7260016,21201,6,2016,"U",,"N","F","C","2016_06_WI0520800_NIBRS",,0
2016,7282800,21201,7,2016,"U",,"N","F","C","2016_07_WI0520800_NIBRS",,0
2016,7305584,21201,8,2016,"U",,"N","F","C","2016_08_WI0520800_NIBRS",,0
2016,7328368,21201,9,2016,"U",,"N","F","C","2016_09_WI0520800_NIBRS",,0
2016,7351152,21201,10,2016,"U",,"N","F","C","2016_10_WI0520800_NIBRS",,0
2016,7373936,21201,11,2016,"U",,"N","F","C","2016_11_WI0520800_NIBRS",,0
2016,7396720,21201,12,2016,"U",,"N","F","C","2016_12_WI0520800_NIBRS",,0
2016,7145863,20968,1,2016,"I",,"N","F","C","2016_01_WI0131900_NIBRS",,0
2016,7168647,20968,2,2016,"I",,"N","F","C","2016_02_WI0131900_NIBRS",,0
2016,7191431,20968,3,2016,"I",,"N","F","C","2016_03_WI0131900_NIBRS",,0
2016,7214215,20968,4,2016,"I",,"N","F","C","2016_04_WI0131900_NIBRS",,0
2016,7236999,20968,5,2016,"I",,"Y","F","C","2016_05_WI0131900_NIBRS",3721831,0
2016,7259783,20968,6,2016,"I",,"N","F","C","2016_06_WI0131900_NIBRS",1297565,0
2016,7282567,20968,7,2016,"I",,"N","F","C","2016_07_WI0131900_NIBRS",,0
2016,7305351,20968,8,2016,"I",,"N","F","C","2016_08_WI0131900_NIBRS",,0
2016,7328135,20968,9,2016,"I",,"N","F","C","2016_09_WI0131900_NIBRS",,0
2016,7350919,20968,10,2016,"I",,"Y","F","C","2016_10_WI0131900_NIBRS",1297364,0
2016,7373703,20968,11,2016,"I",,"Y","F","C","2016_11_WI0131900_NIBRS",2263058,0
2016,7396487,20968,12,2016,"I",,"Y","F","C","2016_12_WI0131900_NIBRS",2263091,0
2016,7146202,21307,1,2016,"I",,"Y","F","C","2016_01_WI0690200_NIBRS",1392019,0
2016,7168986,21307,2,2016,"I",,"Y","F","C","2016_02_WI0690200_NIBRS",1391758,0
2016,7191770,21307,3,2016,"I",,"N","F","C","2016_03_WI0690200_NIBRS",,0
2016,7214554,21307,4,2016,"I",,"N","F","C","2016_04_WI0690200_NIBRS",,0
2016,7237338,21307,5,2016,"I",,"N","F","C","2016_05_WI0690200_NIBRS",,0
2016,7260122,21307,6,2016,"I",,"N","F","C","2016_06_WI0690200_NIBRS",,0
2016,7282906,21307,7,2016,"I",,"Y","F","C","2016_07_WI0690200_NIBRS",6648736,0
2016,7305690,21307,8,2016,"I",,"Y","F","C","2016_08_WI0690200_NIBRS",2384081,0
2016,7328474,21307,9,2016,"I",,"Y","F","C","2016_09_WI0690200_NIBRS",2384369,0
2016,7351258,21307,10,2016,"I",,"Y","F","C","2016_10_WI0690200_NIBRS",6648796,0
2016,7374042,21307,11,2016,"I",,"Y","F","C","2016_11_WI0690200_NIBRS",15788107,0
2016,7396826,21307,12,2016,"I",,"Y","F","C","2016_12_WI0690200_NIBRS",2384239,0
2016,7145911,21016,1,2016,"U",,"N","F","C","2016_01_WI0210000_NIBRS",,0
2016,7168695,21016,2,2016,"U",,"N","F","C","2016_02_WI0210000_NIBRS",,0
2016,7191479,21016,3,2016,"U",,"N","F","C","2016_03_WI0210000_NIBRS",,0
2016,7214263,21016,4,2016,"U",,"N","F","C","2016_04_WI0210000_NIBRS",,0
2016,7237047,21016,5,2016,"U",,"N","F","C","2016_05_WI0210000_NIBRS",,0
2016,7259831,21016,6,2016,"U",,"N","F","C","2016_06_WI0210000_NIBRS",,0
2016,7282615,21016,7,2016,"U",,"N","F","C","2016_07_WI0210000_NIBRS",,0
2016,7305399,21016,8,2016,"U",,"N","F","C","2016_08_WI0210000_NIBRS",,0
2016,7328183,21016,9,2016,"U",,"N","F","C","2016_09_WI0210000_NIBRS",,0
2016,7350967,21016,10,2016,"U",,"N","F","C","2016_10_WI0210000_NIBRS",,0
2016,7373751,21016,11,2016,"U",,"N","F","C","2016_11_WI0210000_NIBRS",,0
2016,7396535,21016,12,2016,"U",,"N","F","C","2016_12_WI0210000_NIBRS",,0
2016,7145999,21104,1,2016,"U",,"N","F","C","2016_01_WI0371400_NIBRS",,0
2016,7168783,21104,2,2016,"U",,"N","F","C","2016_02_WI0371400_NIBRS",,0
2016,7191567,21104,3,2016,"U",,"N","F","C","2016_03_WI0371400_NIBRS",,0
2016,7214351,21104,4,2016,"U",,"N","F","C","2016_04_WI0371400_NIBRS",,0
2016,7237135,21104,5,2016,"U",,"N","F","C","2016_05_WI0371400_NIBRS",,0
2016,7259919,21104,6,2016,"U",,"N","F","C","2016_06_WI0371400_NIBRS",,0
2016,7282703,21104,7,2016,"U",,"N","F","C","2016_07_WI0371400_NIBRS",,0
2016,7305487,21104,8,2016,"U",,"N","F","C","2016_08_WI0371400_NIBRS",,0
2016,7328271,21104,9,2016,"U",,"N","F","C","2016_09_WI0371400_NIBRS",,0
2016,7351055,21104,10,2016,"U",,"N","F","C","2016_10_WI0371400_NIBRS",,0
2016,7373839,21104,11,2016,"U",,"N","F","C","2016_11_WI0371400_NIBRS",,0
2016,7396623,21104,12,2016,"U",,"N","F","C","2016_12_WI0371400_NIBRS",,0
2016,7145906,21011,1,2016,"I",,"N","F","C","2016_01_WI0200200_NIBRS",,0
2016,7168690,21011,2,2016,"I",,"Y","F","C","2016_02_WI0200200_NIBRS",6570950,0
2016,7191474,21011,3,2016,"I",,"N","F","C","2016_03_WI0200200_NIBRS",,0
2016,7214258,21011,4,2016,"I",,"Y","F","C","2016_04_WI0200200_NIBRS",1222551,0
2016,7237042,21011,5,2016,"I",,"N","F","C","2016_05_WI0200200_NIBRS",,0
2016,7259826,21011,6,2016,"I",,"N","F","C","2016_06_WI0200200_NIBRS",,0
2016,7282610,21011,7,2016,"I",,"Y","F","C","2016_07_WI0200200_NIBRS",3725283,0
2016,7305394,21011,8,2016,"I",,"Y","F","C","2016_08_WI0200200_NIBRS",2342443,0
2016,7328178,21011,9,2016,"I",,"Y","F","C","2016_09_WI0200200_NIBRS",4909847,0
2016,7350962,21011,10,2016,"I",,"Y","F","C","2016_10_WI0200200_NIBRS",3725350,0
2016,7373746,21011,11,2016,"I",,"Y","F","C","2016_11_WI0200200_NIBRS",6571264,0
2016,7396530,21011,12,2016,"I",,"Y","F","C","2016_12_WI0200200_NIBRS",3725260,0
2016,7146107,21212,1,2016,"U",,"N","F","C","2016_01_WI0540800_NIBRS",,0
2016,7168891,21212,2,2016,"U",,"N","F","C","2016_02_WI0540800_NIBRS",,0
2016,7191675,21212,3,2016,"U",,"N","F","C","2016_03_WI0540800_NIBRS",,0
2016,7214459,21212,4,2016,"U",,"N","F","C","2016_04_WI0540800_NIBRS",,0
2016,7237243,21212,5,2016,"U",,"N","F","C","2016_05_WI0540800_NIBRS",,0
2016,7260027,21212,6,2016,"U",,"N","F","C","2016_06_WI0540800_NIBRS",,0
2016,7282811,21212,7,2016,"U",,"N","F","C","2016_07_WI0540800_NIBRS",,0
2016,7305595,21212,8,2016,"U",,"N","F","C","2016_08_WI0540800_NIBRS",,0
2016,7328379,21212,9,2016,"U",,"N","F","C","2016_09_WI0540800_NIBRS",,0
2016,7351163,21212,10,2016,"U",,"N","F","C","2016_10_WI0540800_NIBRS",,0
2016,7373947,21212,11,2016,"U",,"N","F","C","2016_11_WI0540800_NIBRS",,0
2016,7396731,21212,12,2016,"U",,"N","F","C","2016_12_WI0540800_NIBRS",,0
2016,7146130,21235,1,2016,"U",,"N","F","C","2016_01_WI0600300_NIBRS",,0
2016,7168914,21235,2,2016,"U",,"N","F","C","2016_02_WI0600300_NIBRS",,0
2016,7191698,21235,3,2016,"U",,"N","F","C","2016_03_WI0600300_NIBRS",,0
2016,7214482,21235,4,2016,"U",,"N","F","C","2016_04_WI0600300_NIBRS",,0
2016,7237266,21235,5,2016,"U",,"N","F","C","2016_05_WI0600300_NIBRS",,0
2016,7260050,21235,6,2016,"U",,"N","F","C","2016_06_WI0600300_NIBRS",,0
2016,7282834,21235,7,2016,"U",,"N","F","C","2016_07_WI0600300_NIBRS",,0
2016,7305618,21235,8,2016,"U",,"N","F","C","2016_08_WI0600300_NIBRS",,0
2016,7328402,21235,9,2016,"U",,"N","F","C","2016_09_WI0600300_NIBRS",,0
2016,7351186,21235,10,2016,"U",,"N","F","C","2016_10_WI0600300_NIBRS",,0
2016,7373970,21235,11,2016,"U",,"N","F","C","2016_11_WI0600300_NIBRS",,0
2016,7396754,21235,12,2016,"U",,"N","F","C","2016_12_WI0600300_NIBRS",,0
2016,7146221,21326,1,2016,"U",,"N","F","C","2016_01_WI0720500_NIBRS",,0
2016,7169005,21326,2,2016,"U",,"N","F","C","2016_02_WI0720500_NIBRS",,0
2016,7191789,21326,3,2016,"U",,"N","F","C","2016_03_WI0720500_NIBRS",,0
2016,7214573,21326,4,2016,"U",,"N","F","C","2016_04_WI0720500_NIBRS",,0
2016,7237357,21326,5,2016,"U",,"N","F","C","2016_05_WI0720500_NIBRS",,0
2016,7260141,21326,6,2016,"U",,"N","F","C","2016_06_WI0720500_NIBRS",,0
2016,7282925,21326,7,2016,"U",,"N","F","C","2016_07_WI0720500_NIBRS",,0
2016,7305709,21326,8,2016,"U",,"N","F","C","2016_08_WI0720500_NIBRS",,0
2016,7328493,21326,9,2016,"U",,"N","F","C","2016_09_WI0720500_NIBRS",,0
2016,7351277,21326,10,2016,"U",,"N","F","C","2016_10_WI0720500_NIBRS",,0
2016,7374061,21326,11,2016,"U",,"N","F","C","2016_11_WI0720500_NIBRS",,0
2016,7396845,21326,12,2016,"U",,"N","F","C","2016_12_WI0720500_NIBRS",,0
2016,7145801,20906,1,2016,"U",,"N","F","C","2016_01_WI0020100_NIBRS",,0
2016,7168585,20906,2,2016,"U",,"N","F","C","2016_02_WI0020100_NIBRS",,0
2016,7191369,20906,3,2016,"U",,"N","F","C","2016_03_WI0020100_NIBRS",,0
2016,7214153,20906,4,2016,"U",,"N","F","C","2016_04_WI0020100_NIBRS",,0
2016,7236937,20906,5,2016,"U",,"N","F","C","2016_05_WI0020100_NIBRS",,0
2016,7259721,20906,6,2016,"U",,"N","F","C","2016_06_WI0020100_NIBRS",,0
2016,7282505,20906,7,2016,"U",,"N","F","C","2016_07_WI0020100_NIBRS",,0
2016,7305289,20906,8,2016,"U",,"N","F","C","2016_08_WI0020100_NIBRS",,0
2016,7328073,20906,9,2016,"U",,"N","F","C","2016_09_WI0020100_NIBRS",,0
2016,7350857,20906,10,2016,"U",,"N","F","C","2016_10_WI0020100_NIBRS",,0
2016,7373641,20906,11,2016,"U",,"N","F","C","2016_11_WI0020100_NIBRS",,0
2016,7396425,20906,12,2016,"U",,"N","F","C","2016_12_WI0020100_NIBRS",,0
2016,7145899,21004,1,2016,"U",,"N","F","C","2016_01_WI0180200_NIBRS",,0
2016,7168683,21004,2,2016,"U",,"N","F","C","2016_02_WI0180200_NIBRS",,0
2016,7191467,21004,3,2016,"U",,"N","F","C","2016_03_WI0180200_NIBRS",,0
2016,7214251,21004,4,2016,"U",,"N","F","C","2016_04_WI0180200_NIBRS",,0
2016,7237035,21004,5,2016,"U",,"N","F","C","2016_05_WI0180200_NIBRS",,0
2016,7259819,21004,6,2016,"U",,"N","F","C","2016_06_WI0180200_NIBRS",,0
2016,7282603,21004,7,2016,"U",,"N","F","C","2016_07_WI0180200_NIBRS",,0
2016,7305387,21004,8,2016,"U",,"N","F","C","2016_08_WI0180200_NIBRS",,0
2016,7328171,21004,9,2016,"U",,"N","F","C","2016_09_WI0180200_NIBRS",,0
2016,7350955,21004,10,2016,"U",,"N","F","C","2016_10_WI0180200_NIBRS",,0
2016,7373739,21004,11,2016,"U",,"N","F","C","2016_11_WI0180200_NIBRS",,0
2016,7396523,21004,12,2016,"U",,"N","F","C","2016_12_WI0180200_NIBRS",,0
2016,7146021,21126,1,2016,"U",,"N","F","C","2016_01_WI0410900_NIBRS",,0
2016,7168805,21126,2,2016,"U",,"N","F","C","2016_02_WI0410900_NIBRS",,0
2016,7191589,21126,3,2016,"U",,"N","F","C","2016_03_WI0410900_NIBRS",,0
2016,7214373,21126,4,2016,"U",,"N","F","C","2016_04_WI0410900_NIBRS",,0
2016,7237157,21126,5,2016,"U",,"N","F","C","2016_05_WI0410900_NIBRS",,0
2016,7259941,21126,6,2016,"U",,"N","F","C","2016_06_WI0410900_NIBRS",,0
2016,7282725,21126,7,2016,"U",,"N","F","C","2016_07_WI0410900_NIBRS",,0
2016,7305509,21126,8,2016,"U",,"N","F","C","2016_08_WI0410900_NIBRS",,0
2016,7328293,21126,9,2016,"U",,"N","F","C","2016_09_WI0410900_NIBRS",,0
2016,7351077,21126,10,2016,"U",,"N","F","C","2016_10_WI0410900_NIBRS",,0
2016,7373861,21126,11,2016,"U",,"N","F","C","2016_11_WI0410900_NIBRS",,0
2016,7396645,21126,12,2016,"U",,"N","F","C","2016_12_WI0410900_NIBRS",,0
2016,7145800,20905,1,2016,"U",,"N","F","C","2016_01_WI0020000_NIBRS",,0
2016,7168584,20905,2,2016,"U",,"N","F","C","2016_02_WI0020000_NIBRS",,0
2016,7191368,20905,3,2016,"U",,"N","F","C","2016_03_WI0020000_NIBRS",,0
2016,7214152,20905,4,2016,"U",,"N","F","C","2016_04_WI0020000_NIBRS",,0
2016,7236936,20905,5,2016,"U",,"N","F","C","2016_05_WI0020000_NIBRS",,0
2016,7259720,20905,6,2016,"U",,"N","F","C","2016_06_WI0020000_NIBRS",,0
2016,7282686,21087,7,2016,"I",,"Y","F","C","2016_07_WI0360100_NIBRS",4902663,0
2016,7305470,21087,8,2016,"I",,"Y","F","C","2016_08_WI0360100_NIBRS",3738502,0
2016,7328254,21087,9,2016,"I",,"N","F","C","2016_09_WI0360100_NIBRS",,0
2016,7351038,21087,10,2016,"I",,"Y","F","C","2016_10_WI0360100_NIBRS",4902726,0
2016,7373822,21087,11,2016,"I",,"N","F","C","2016_11_WI0360100_NIBRS",4902814,0
2016,7396606,21087,12,2016,"I",,"Y","F","C","2016_12_WI0360100_NIBRS",3738193,0
2016,7145981,21086,1,2016,"I",,"Y","F","C","2016_01_WI0360000_NIBRS",6597042,0
2016,7168765,21086,2,2016,"I",,"N","F","C","2016_02_WI0360000_NIBRS",2253425,0
2016,7191549,21086,3,2016,"I",,"N","F","C","2016_03_WI0360000_NIBRS",9839633,0
2016,7214333,21086,4,2016,"I",,"N","F","C","2016_04_WI0360000_NIBRS",4898621,0
2016,7237117,21086,5,2016,"I",,"Y","F","C","2016_05_WI0360000_NIBRS",6597178,0
2016,7259901,21086,6,2016,"I",,"Y","F","C","2016_06_WI0360000_NIBRS",6596552,0
2016,7282685,21086,7,2016,"I",,"Y","F","C","2016_07_WI0360000_NIBRS",4898720,0
2016,7305469,21086,8,2016,"I",,"Y","F","C","2016_08_WI0360000_NIBRS",6597240,0
2016,7328253,21086,9,2016,"I",,"Y","F","C","2016_09_WI0360000_NIBRS",8553997,0
2016,7351037,21086,10,2016,"I",,"Y","F","C","2016_10_WI0360000_NIBRS",15738645,0
2016,7373821,21086,11,2016,"I",,"Y","F","C","2016_11_WI0360000_NIBRS",15737638,0
2016,7396605,21086,12,2016,"I",,"Y","F","C","2016_12_WI0360000_NIBRS",9839872,0
2016,7146099,21204,1,2016,"U",,"N","F","C","2016_01_WI0540000_NIBRS",,0
2016,7168883,21204,2,2016,"U",,"N","F","C","2016_02_WI0540000_NIBRS",,0
2016,7191667,21204,3,2016,"U",,"N","F","C","2016_03_WI0540000_NIBRS",,0
2016,7214451,21204,4,2016,"U",,"N","F","C","2016_04_WI0540000_NIBRS",,0
2016,7237235,21204,5,2016,"U",,"N","F","C","2016_05_WI0540000_NIBRS",,0
2016,7260019,21204,6,2016,"U",,"N","F","C","2016_06_WI0540000_NIBRS",,0
2016,7282803,21204,7,2016,"U",,"N","F","C","2016_07_WI0540000_NIBRS",,0
2016,7305587,21204,8,2016,"U",,"N","F","C","2016_08_WI0540000_NIBRS",,0
2016,7328371,21204,9,2016,"U",,"N","F","C","2016_09_WI0540000_NIBRS",,0
2016,7351155,21204,10,2016,"U",,"N","F","C","2016_10_WI0540000_NIBRS",,0
2016,7373939,21204,11,2016,"U",,"N","F","C","2016_11_WI0540000_NIBRS",,0
2016,7396723,21204,12,2016,"U",,"N","F","C","2016_12_WI0540000_NIBRS",,0
2016,7146116,21221,1,2016,"I",,"Y","F","C","2016_01_WI0570000_NIBRS",3657940,0
2016,7168900,21221,2,2016,"I",,"Y","F","C","2016_02_WI0570000_NIBRS",8552047,0
2016,7191684,21221,3,2016,"I",,"Y","F","C","2016_03_WI0570000_NIBRS",15784884,0
2016,7214468,21221,4,2016,"I",,"Y","F","C","2016_04_WI0570000_NIBRS",15784970,0
2016,7237252,21221,5,2016,"I",,"Y","F","C","2016_05_WI0570000_NIBRS",9924580,0
2016,7260036,21221,6,2016,"I",,"Y","F","C","2016_06_WI0570000_NIBRS",1222772,0
2016,7282820,21221,7,2016,"I",,"Y","F","C","2016_07_WI0570000_NIBRS",8552104,0
2016,7305604,21221,8,2016,"I",,"Y","F","C","2016_08_WI0570000_NIBRS",15784220,0
2016,7328388,21221,9,2016,"I",,"Y","F","C","2016_09_WI0570000_NIBRS",15784317,0
2016,7351172,21221,10,2016,"I",,"Y","F","C","2016_10_WI0570000_NIBRS",8551145,0
2016,7373956,21221,11,2016,"I",,"Y","F","C","2016_11_WI0570000_NIBRS",15784423,0
2016,7396740,21221,12,2016,"I",,"Y","F","C","2016_12_WI0570000_NIBRS",8551958,0
2016,7146017,21122,1,2016,"I",,"Y","F","C","2016_01_WI0410500_NIBRS",15746209,0
2016,7168801,21122,2,2016,"I",,"Y","F","C","2016_02_WI0410500_NIBRS",15746274,0
2016,7191585,21122,3,2016,"I",,"Y","F","C","2016_03_WI0410500_NIBRS",15746337,0
2016,7214369,21122,4,2016,"I",,"Y","F","C","2016_04_WI0410500_NIBRS",15746392,0
2016,7237153,21122,5,2016,"I",,"Y","F","C","2016_05_WI0410500_NIBRS",15746487,0
2016,7259937,21122,6,2016,"I",,"Y","F","C","2016_06_WI0410500_NIBRS",15746554,0
2016,7282721,21122,7,2016,"I",,"Y","F","C","2016_07_WI0410500_NIBRS",15746597,0
2016,7305505,21122,8,2016,"I",,"Y","F","C","2016_08_WI0410500_NIBRS",15746667,0
2016,7328289,21122,9,2016,"I",,"Y","F","C","2016_09_WI0410500_NIBRS",15746746,0
2016,7351073,21122,10,2016,"I",,"Y","F","C","2016_10_WI0410500_NIBRS",15746805,0
2016,7373857,21122,11,2016,"I",,"Y","F","C","2016_11_WI0410500_NIBRS",15746887,0
2016,7396641,21122,12,2016,"I",,"Y","F","C","2016_12_WI0410500_NIBRS",15746958,0
2016,7146182,21287,1,2016,"U",,"N","F","C","2016_01_WI0680300_NIBRS",,0
2016,7168966,21287,2,2016,"U",,"N","F","C","2016_02_WI0680300_NIBRS",,0
2016,7191750,21287,3,2016,"U",,"N","F","C","2016_03_WI0680300_NIBRS",,0
2016,7214534,21287,4,2016,"U",,"N","F","C","2016_04_WI0680300_NIBRS",,0
2016,7237318,21287,5,2016,"U",,"N","F","C","2016_05_WI0680300_NIBRS",,0
2016,7260102,21287,6,2016,"U",,"N","F","C","2016_06_WI0680300_NIBRS",,0
2016,7282886,21287,7,2016,"U",,"N","F","C","2016_07_WI0680300_NIBRS",,0
2016,7305670,21287,8,2016,"U",,"N","F","C","2016_08_WI0680300_NIBRS",,0
2016,7328454,21287,9,2016,"U",,"N","F","C","2016_09_WI0680300_NIBRS",,0
2016,7351238,21287,10,2016,"U",,"N","F","C","2016_10_WI0680300_NIBRS",,0
2016,7374022,21287,11,2016,"U",,"N","F","C","2016_11_WI0680300_NIBRS",,0
2016,7396806,21287,12,2016,"U",,"N","F","C","2016_12_WI0680300_NIBRS",,0
2016,7146075,21180,1,2016,"U",,"N","F","C","2016_01_WI0490000_NIBRS",,0
2016,7168859,21180,2,2016,"U",,"N","F","C","2016_02_WI0490000_NIBRS",,0
2016,7191643,21180,3,2016,"U",,"N","F","C","2016_03_WI0490000_NIBRS",,0
2016,7214427,21180,4,2016,"U",,"N","F","C","2016_04_WI0490000_NIBRS",,0
2016,7237211,21180,5,2016,"U",,"N","F","C","2016_05_WI0490000_NIBRS",,0
2016,7259995,21180,6,2016,"U",,"N","F","C","2016_06_WI0490000_NIBRS",,0
2016,7282779,21180,7,2016,"U",,"N","F","C","2016_07_WI0490000_NIBRS",,0
2016,7305563,21180,8,2016,"U",,"N","F","C","2016_08_WI0490000_NIBRS",,0
2016,7328347,21180,9,2016,"U",,"N","F","C","2016_09_WI0490000_NIBRS",,0
2016,7351131,21180,10,2016,"U",,"N","F","C","2016_10_WI0490000_NIBRS",,0
2016,7373915,21180,11,2016,"U",,"N","F","C","2016_11_WI0490000_NIBRS",,0
2016,7396699,21180,12,2016,"U",,"N","F","C","2016_12_WI0490000_NIBRS",,0
2016,7145802,20907,1,2016,"I",,"Y","F","C","2016_01_WI0030000_NIBRS",6502142,0
2016,7168586,20907,2,2016,"I",,"Y","F","C","2016_02_WI0030000_NIBRS",2252918,0
2016,7191370,20907,3,2016,"I",,"Y","F","C","2016_03_WI0030000_NIBRS",6502691,0
2016,7214154,20907,4,2016,"I",,"Y","F","C","2016_04_WI0030000_NIBRS",,0
2016,7236938,20907,5,2016,"I",,"Y","F","C","2016_05_WI0030000_NIBRS",1224861,0
2016,7259722,20907,6,2016,"I",,"Y","F","C","2016_06_WI0030000_NIBRS",3658120,0
2016,7282506,20907,7,2016,"I",,"Y","F","C","2016_07_WI0030000_NIBRS",7681755,0
2016,7305290,20907,8,2016,"I",,"Y","F","C","2016_08_WI0030000_NIBRS",3658186,0
2016,7328074,20907,9,2016,"I",,"Y","F","C","2016_09_WI0030000_NIBRS",6502208,0
2016,7350858,20907,10,2016,"I",,"Y","F","C","2016_10_WI0030000_NIBRS",6502774,0
2016,7373642,20907,11,2016,"I",,"Y","F","C","2016_11_WI0030000_NIBRS",6502911,0
2016,7396426,20907,12,2016,"I",,"Y","F","C","2016_12_WI0030000_NIBRS",8555265,0
2016,7146020,21125,1,2016,"I",,"Y","F","C","2016_01_WI0410800_NIBRS",15748172,0
2016,7168804,21125,2,2016,"I",,"Y","F","C","2016_02_WI0410800_NIBRS",15746830,0
2016,7191588,21125,3,2016,"I",,"Y","F","C","2016_03_WI0410800_NIBRS",15746907,0
2016,7214372,21125,4,2016,"I",,"Y","F","C","2016_04_WI0410800_NIBRS",15747008,0
2016,7237156,21125,5,2016,"I",,"Y","F","C","2016_05_WI0410800_NIBRS",15747106,0
2016,7259940,21125,6,2016,"I",,"Y","F","C","2016_06_WI0410800_NIBRS",15747182,0
2016,7282724,21125,7,2016,"I",,"Y","F","C","2016_07_WI0410800_NIBRS",15747269,0
2016,7305508,21125,8,2016,"I",,"Y","F","C","2016_08_WI0410800_NIBRS",15747371,0
2016,7328292,21125,9,2016,"I",,"Y","F","C","2016_09_WI0410800_NIBRS",15747479,0
2016,7351076,21125,10,2016,"I",,"Y","F","C","2016_10_WI0410800_NIBRS",15747576,0
2016,7373860,21125,11,2016,"I",,"Y","F","C","2016_11_WI0410800_NIBRS",15747648,0
2016,7396644,21125,12,2016,"I",,"Y","F","C","2016_12_WI0410800_NIBRS",15747703,0
2016,7145941,21046,1,2016,"U",,"N","F","C","2016_01_WI0280000_NIBRS",,0
2016,7168725,21046,2,2016,"U",,"N","F","C","2016_02_WI0280000_NIBRS",,0
2016,7191509,21046,3,2016,"U",,"N","F","C","2016_03_WI0280000_NIBRS",,0
2016,7214293,21046,4,2016,"U",,"N","F","C","2016_04_WI0280000_NIBRS",,0
2016,7237077,21046,5,2016,"U",,"N","F","C","2016_05_WI0280000_NIBRS",,0
2016,7259861,21046,6,2016,"U",,"N","F","C","2016_06_WI0280000_NIBRS",,0
2016,7282645,21046,7,2016,"U",,"N","F","C","2016_07_WI0280000_NIBRS",,0
2016,7305429,21046,8,2016,"U",,"N","F","C","2016_08_WI0280000_NIBRS",,0
2016,7328213,21046,9,2016,"U",,"N","F","C","2016_09_WI0280000_NIBRS",,0
2016,7350997,21046,10,2016,"U",,"N","F","C","2016_10_WI0280000_NIBRS",,0
2016,7373781,21046,11,2016,"U",,"N","F","C","2016_11_WI0280000_NIBRS",,0
2016,7396565,21046,12,2016,"U",,"N","F","C","2016_12_WI0280000_NIBRS",,0
2016,7146176,21281,1,2016,"U",,"N","F","C","2016_01_WI0670400_NIBRS",,0
2016,7168960,21281,2,2016,"U",,"N","F","C","2016_02_WI0670400_NIBRS",,0
2016,7191744,21281,3,2016,"U",,"N","F","C","2016_03_WI0670400_NIBRS",,0
2016,7214528,21281,4,2016,"U",,"N","F","C","2016_04_WI0670400_NIBRS",,0
2016,7237312,21281,5,2016,"U",,"N","F","C","2016_05_WI0670400_NIBRS",,0
2016,7260096,21281,6,2016,"U",,"N","F","C","2016_06_WI0670400_NIBRS",,0
2016,7282880,21281,7,2016,"U",,"N","F","C","2016_07_WI0670400_NIBRS",,0
2016,7305664,21281,8,2016,"U",,"N","F","C","2016_08_WI0670400_NIBRS",,0
2016,7328448,21281,9,2016,"U",,"N","F","C","2016_09_WI0670400_NIBRS",,0
2016,7351232,21281,10,2016,"U",,"N","F","C","2016_10_WI0670400_NIBRS",,0
2016,7374016,21281,11,2016,"U",,"N","F","C","2016_11_WI0670400_NIBRS",,0
2016,7396800,21281,12,2016,"U",,"N","F","C","2016_12_WI0670400_NIBRS",,0
2016,7146125,21230,1,2016,"U",,"N","F","C","2016_01_WI0590000_NIBRS",,0
2016,7168909,21230,2,2016,"U",,"N","F","C","2016_02_WI0590000_NIBRS",,0
2016,7191693,21230,3,2016,"U",,"N","F","C","2016_03_WI0590000_NIBRS",,0
2016,7214477,21230,4,2016,"U",,"N","F","C","2016_04_WI0590000_NIBRS",,0
2016,7237261,21230,5,2016,"U",,"N","F","C","2016_05_WI0590000_NIBRS",,0
2016,7260045,21230,6,2016,"U",,"N","F","C","2016_06_WI0590000_NIBRS",,0
2016,7282829,21230,7,2016,"U",,"N","F","C","2016_07_WI0590000_NIBRS",,0
2016,7305613,21230,8,2016,"U",,"N","F","C","2016_08_WI0590000_NIBRS",,0
2016,7328397,21230,9,2016,"U",,"N","F","C","2016_09_WI0590000_NIBRS",,0
2016,7351181,21230,10,2016,"U",,"N","F","C","2016_10_WI0590000_NIBRS",,0
2016,7373965,21230,11,2016,"U",,"N","F","C","2016_11_WI0590000_NIBRS",,0
2016,7396749,21230,12,2016,"U",,"N","F","C","2016_12_WI0590000_NIBRS",,0
2016,7145839,20944,1,2016,"I",,"Y","F","C","2016_01_WI0110000_NIBRS",6913861,0
2016,7168623,20944,2,2016,"I",,"Y","F","C","2016_02_WI0110000_NIBRS",8577223,0
2016,7191407,20944,3,2016,"I",,"Y","F","C","2016_03_WI0110000_NIBRS",2256889,0
2016,7214191,20944,4,2016,"I",,"Y","F","C","2016_04_WI0110000_NIBRS",6542853,0
2016,7236975,20944,5,2016,"I",,"Y","F","C","2016_05_WI0110000_NIBRS",3719298,0
2016,7259759,20944,6,2016,"I",,"Y","F","C","2016_06_WI0110000_NIBRS",8577302,0
2016,7282543,20944,7,2016,"I",,"Y","F","C","2016_07_WI0110000_NIBRS",15691047,0
2016,7305327,20944,8,2016,"I",,"Y","F","C","2016_08_WI0110000_NIBRS",15691109,0
2016,7328111,20944,9,2016,"I",,"Y","F","C","2016_09_WI0110000_NIBRS",9855692,0
2016,7350895,20944,10,2016,"I",,"Y","F","C","2016_10_WI0110000_NIBRS",15691191,0
2016,7373679,20944,11,2016,"I",,"Y","F","C","2016_11_WI0110000_NIBRS",3719633,0
2016,7396463,20944,12,2016,"I",,"Y","F","C","2016_12_WI0110000_NIBRS",15691263,0
2016,7146200,21305,1,2016,"U",,"N","F","C","2016_01_WI0690000_NIBRS",,0
2016,7168984,21305,2,2016,"U",,"N","F","C","2016_02_WI0690000_NIBRS",,0
2016,7191768,21305,3,2016,"U",,"N","F","C","2016_03_WI0690000_NIBRS",,0
2016,7214552,21305,4,2016,"U",,"N","F","C","2016_04_WI0690000_NIBRS",,0
2016,7237336,21305,5,2016,"U",,"N","F","C","2016_05_WI0690000_NIBRS",,0
2016,7260120,21305,6,2016,"U",,"N","F","C","2016_06_WI0690000_NIBRS",,0
2016,7282904,21305,7,2016,"U",,"N","F","C","2016_07_WI0690000_NIBRS",,0
2016,7305688,21305,8,2016,"U",,"N","F","C","2016_08_WI0690000_NIBRS",,0
2016,7328472,21305,9,2016,"U",,"N","F","C","2016_09_WI0690000_NIBRS",,0
2016,7351256,21305,10,2016,"U",,"N","F","C","2016_10_WI0690000_NIBRS",,0
2016,7374040,21305,11,2016,"U",,"N","F","C","2016_11_WI0690000_NIBRS",,0
2016,7396824,21305,12,2016,"U",,"N","F","C","2016_12_WI0690000_NIBRS",,0
2016,7146180,21285,1,2016,"U",,"N","F","C","2016_01_WI0680100_NIBRS",,0
2016,7168964,21285,2,2016,"U",,"N","F","C","2016_02_WI0680100_NIBRS",,0
2016,7191748,21285,3,2016,"U",,"N","F","C","2016_03_WI0680100_NIBRS",,0
2016,7214532,21285,4,2016,"U",,"N","F","C","2016_04_WI0680100_NIBRS",,0
2016,7237316,21285,5,2016,"U",,"N","F","C","2016_05_WI0680100_NIBRS",,0
2016,7260100,21285,6,2016,"U",,"N","F","C","2016_06_WI0680100_NIBRS",,0
2016,7282884,21285,7,2016,"U",,"N","F","C","2016_07_WI0680100_NIBRS",,0
2016,7305668,21285,8,2016,"U",,"N","F","C","2016_08_WI0680100_NIBRS",,0
2016,7328452,21285,9,2016,"U",,"N","F","C","2016_09_WI0680100_NIBRS",,0
2016,7351236,21285,10,2016,"U",,"N","F","C","2016_10_WI0680100_NIBRS",,0
2016,7374020,21285,11,2016,"U",,"N","F","C","2016_11_WI0680100_NIBRS",,0
2016,7396804,21285,12,2016,"U",,"N","F","C","2016_12_WI0680100_NIBRS",,0
2016,7145830,20935,1,2016,"I",,"N","F","C","2016_01_WI0090000_NIBRS",,0
2016,7168614,20935,2,2016,"I",,"Y","F","C","2016_02_WI0090000_NIBRS",1234046,0
2016,7191398,20935,3,2016,"I",,"Y","F","C","2016_03_WI0090000_NIBRS",2255575,0
2016,7214182,20935,4,2016,"I",,"Y","F","C","2016_04_WI0090000_NIBRS",1234140,0
2016,7236966,20935,5,2016,"I",,"N","F","C","2016_05_WI0090000_NIBRS",2255636,0
2016,7259750,20935,6,2016,"I",,"N","F","C","2016_06_WI0090000_NIBRS",6523971,0
2016,7282534,20935,7,2016,"I",,"Y","F","C","2016_07_WI0090000_NIBRS",1233866,0
2016,7305318,20935,8,2016,"I",,"N","F","C","2016_08_WI0090000_NIBRS",2255714,0
2016,7328102,20935,9,2016,"I",,"N","F","C","2016_09_WI0090000_NIBRS",1233806,0
2016,7350886,20935,10,2016,"I",,"N","F","C","2016_10_WI0090000_NIBRS",1233946,0
2016,7373670,20935,11,2016,"I",,"Y","F","C","2016_11_WI0090000_NIBRS",2255776,0
2016,7396454,20935,12,2016,"I",,"N","F","C","2016_12_WI0090000_NIBRS",3673284,0
2016,7145893,20998,1,2016,"U",,"N","F","C","2016_01_WI0170000_NIBRS",,0
2016,7168677,20998,2,2016,"U",,"N","F","C","2016_02_WI0170000_NIBRS",,0
2016,7191461,20998,3,2016,"U",,"N","F","C","2016_03_WI0170000_NIBRS",,0
2016,7214245,20998,4,2016,"U",,"N","F","C","2016_04_WI0170000_NIBRS",,0
2016,7237029,20998,5,2016,"U",,"N","F","C","2016_05_WI0170000_NIBRS",,0
2016,7259813,20998,6,2016,"U",,"N","F","C","2016_06_WI0170000_NIBRS",,0
2016,7282597,20998,7,2016,"U",,"N","F","C","2016_07_WI0170000_NIBRS",,0
2016,7305381,20998,8,2016,"U",,"N","F","C","2016_08_WI0170000_NIBRS",,0
2016,7328165,20998,9,2016,"U",,"N","F","C","2016_09_WI0170000_NIBRS",,0
2016,7350949,20998,10,2016,"U",,"N","F","C","2016_10_WI0170000_NIBRS",,0
2016,7373733,20998,11,2016,"U",,"N","F","C","2016_11_WI0170000_NIBRS",,0
2016,7396517,20998,12,2016,"U",,"N","F","C","2016_12_WI0170000_NIBRS",,0
2016,7145897,21002,1,2016,"U",,"N","F","C","2016_01_WI0180000_NIBRS",,0
2016,7168681,21002,2,2016,"U",,"N","F","C","2016_02_WI0180000_NIBRS",,0
2016,7191465,21002,3,2016,"U",,"N","F","C","2016_03_WI0180000_NIBRS",,0
2016,7214249,21002,4,2016,"U",,"N","F","C","2016_04_WI0180000_NIBRS",,0
2016,7237033,21002,5,2016,"U",,"N","F","C","2016_05_WI0180000_NIBRS",,0
2016,7259817,21002,6,2016,"U",,"N","F","C","2016_06_WI0180000_NIBRS",,0
2016,7282601,21002,7,2016,"U",,"N","F","C","2016_07_WI0180000_NIBRS",,0
2016,7305385,21002,8,2016,"U",,"N","F","C","2016_08_WI0180000_NIBRS",,0
2016,7328169,21002,9,2016,"U",,"N","F","C","2016_09_WI0180000_NIBRS",,0
2016,7350953,21002,10,2016,"U",,"N","F","C","2016_10_WI0180000_NIBRS",,0
2016,7373737,21002,11,2016,"U",,"N","F","C","2016_11_WI0180000_NIBRS",,0
2016,7396521,21002,12,2016,"U",,"N","F","C","2016_12_WI0180000_NIBRS",,0
2016,7145812,20917,1,2016,"I",,"Y","F","C","2016_01_WI0050100_NIBRS",15681899,0
2016,7168596,20917,2,2016,"I",,"Y","F","C","2016_02_WI0050100_NIBRS",9843941,0
2016,7191380,20917,3,2016,"I",,"Y","F","C","2016_03_WI0050100_NIBRS",9843993,0
2016,7214164,20917,4,2016,"I",,"Y","F","C","2016_04_WI0050100_NIBRS",15681986,0
2016,7236948,20917,5,2016,"I",,"Y","F","C","2016_05_WI0050100_NIBRS",6505567,0
2016,7259732,20917,6,2016,"I",,"Y","F","C","2016_06_WI0050100_NIBRS",9844078,0
2016,7282516,20917,7,2016,"I",,"Y","F","C","2016_07_WI0050100_NIBRS",15682043,0
2016,7305300,20917,8,2016,"I",,"Y","F","C","2016_08_WI0050100_NIBRS",9844217,0
2016,7328084,20917,9,2016,"I",,"Y","F","C","2016_09_WI0050100_NIBRS",15682151,0
2016,7350868,20917,10,2016,"I",,"Y","F","C","2016_10_WI0050100_NIBRS",9844372,0
2016,7146031,21136,1,2016,"U",,"N","F","C","2016_01_WI0411900_NIBRS",,0
2016,7168815,21136,2,2016,"U",,"N","F","C","2016_02_WI0411900_NIBRS",,0
2016,7191599,21136,3,2016,"U",,"N","F","C","2016_03_WI0411900_NIBRS",,0
2016,7214383,21136,4,2016,"U",,"N","F","C","2016_04_WI0411900_NIBRS",,0
2016,7237167,21136,5,2016,"U",,"N","F","C","2016_05_WI0411900_NIBRS",,0
2016,7259951,21136,6,2016,"U",,"N","F","C","2016_06_WI0411900_NIBRS",,0
2016,7282735,21136,7,2016,"U",,"N","F","C","2016_07_WI0411900_NIBRS",,0
2016,7305519,21136,8,2016,"U",,"N","F","C","2016_08_WI0411900_NIBRS",,0
2016,7328303,21136,9,2016,"U",,"N","F","C","2016_09_WI0411900_NIBRS",,0
2016,7351087,21136,10,2016,"U",,"N","F","C","2016_10_WI0411900_NIBRS",,0
2016,7373871,21136,11,2016,"U",,"N","F","C","2016_11_WI0411900_NIBRS",,0
2016,7396655,21136,12,2016,"U",,"N","F","C","2016_12_WI0411900_NIBRS",,0
2016,7146057,21162,1,2016,"I",,"Y","F","C","2016_01_WI0451200_NIBRS",3656975,0
2016,7168841,21162,2,2016,"I",,"N","F","C","2016_02_WI0451200_NIBRS",,0
2016,7191625,21162,3,2016,"I",,"Y","F","C","2016_03_WI0451200_NIBRS",3657025,0
2016,7214409,21162,4,2016,"I",,"Y","F","C","2016_04_WI0451200_NIBRS",6501030,0
2016,7237193,21162,5,2016,"I",,"Y","F","C","2016_05_WI0451200_NIBRS",3657626,0
2016,7259977,21162,6,2016,"I",,"Y","F","C","2016_06_WI0451200_NIBRS",4893839,0
2016,7282761,21162,7,2016,"I",,"Y","F","C","2016_07_WI0451200_NIBRS",3657076,0
2016,7305545,21162,8,2016,"I",,"Y","F","C","2016_08_WI0451200_NIBRS",1222568,0
2016,7328329,21162,9,2016,"I",,"Y","F","C","2016_09_WI0451200_NIBRS",15766262,0
2016,7351113,21162,10,2016,"I",,"Y","F","C","2016_10_WI0451200_NIBRS",3657268,0
2016,7373897,21162,11,2016,"I",,"Y","F","C","2016_11_WI0451200_NIBRS",6500995,0
2016,7396681,21162,12,2016,"I",,"Y","F","C","2016_12_WI0451200_NIBRS",6899059,0
2016,7145817,20922,1,2016,"U",,"N","F","C","2016_01_WI0050700_NIBRS",,0
2016,7168601,20922,2,2016,"U",,"N","F","C","2016_02_WI0050700_NIBRS",,0
2016,7191385,20922,3,2016,"U",,"N","F","C","2016_03_WI0050700_NIBRS",,0
2016,7214169,20922,4,2016,"U",,"N","F","C","2016_04_WI0050700_NIBRS",,0
2016,7236953,20922,5,2016,"U",,"N","F","C","2016_05_WI0050700_NIBRS",,0
2016,7259737,20922,6,2016,"U",,"N","F","C","2016_06_WI0050700_NIBRS",,0
2016,7282521,20922,7,2016,"U",,"N","F","C","2016_07_WI0050700_NIBRS",,0
2016,7305305,20922,8,2016,"U",,"N","F","C","2016_08_WI0050700_NIBRS",,0
2016,7328089,20922,9,2016,"U",,"N","F","C","2016_09_WI0050700_NIBRS",,0
2016,7350873,20922,10,2016,"U",,"N","F","C","2016_10_WI0050700_NIBRS",,0
2016,7373657,20922,11,2016,"U",,"N","F","C","2016_11_WI0050700_NIBRS",,0
2016,7396441,20922,12,2016,"U",,"N","F","C","2016_12_WI0050700_NIBRS",,0
2016,7145902,21007,1,2016,"U",,"N","F","C","2016_01_WI0180500_NIBRS",,0
2016,7168686,21007,2,2016,"U",,"N","F","C","2016_02_WI0180500_NIBRS",,0
2016,7191470,21007,3,2016,"U",,"N","F","C","2016_03_WI0180500_NIBRS",,0
2016,7214254,21007,4,2016,"U",,"N","F","C","2016_04_WI0180500_NIBRS",,0
2016,7237038,21007,5,2016,"U",,"N","F","C","2016_05_WI0180500_NIBRS",,0
2016,7259822,21007,6,2016,"U",,"N","F","C","2016_06_WI0180500_NIBRS",,0
2016,7282606,21007,7,2016,"U",,"N","F","C","2016_07_WI0180500_NIBRS",,0
2016,7305390,21007,8,2016,"U",,"N","F","C","2016_08_WI0180500_NIBRS",,0
2016,7328174,21007,9,2016,"U",,"N","F","C","2016_09_WI0180500_NIBRS",,0
2016,7350958,21007,10,2016,"U",,"N","F","C","2016_10_WI0180500_NIBRS",,0
2016,7373742,21007,11,2016,"U",,"N","F","C","2016_11_WI0180500_NIBRS",,0
2016,7396526,21007,12,2016,"U",,"N","F","C","2016_12_WI0180500_NIBRS",,0
2016,7145856,20961,1,2016,"U",,"N","F","C","2016_01_WI0130800_NIBRS",,0
2016,7168640,20961,2,2016,"U",,"N","F","C","2016_02_WI0130800_NIBRS",,0
2016,7191424,20961,3,2016,"U",,"N","F","C","2016_03_WI0130800_NIBRS",,0
2016,7214208,20961,4,2016,"U",,"N","F","C","2016_04_WI0130800_NIBRS",,0
2016,7236992,20961,5,2016,"U",,"N","F","C","2016_05_WI0130800_NIBRS",,0
2016,7259776,20961,6,2016,"U",,"N","F","C","2016_06_WI0130800_NIBRS",,0
2016,7282560,20961,7,2016,"U",,"N","F","C","2016_07_WI0130800_NIBRS",,0
2016,7305344,20961,8,2016,"U",,"N","F","C","2016_08_WI0130800_NIBRS",,0
2016,7328128,20961,9,2016,"U",,"N","F","C","2016_09_WI0130800_NIBRS",,0
2016,7350912,20961,10,2016,"U",,"N","F","C","2016_10_WI0130800_NIBRS",,0
2016,7373696,20961,11,2016,"U",,"N","F","C","2016_11_WI0130800_NIBRS",,0
2016,7396480,20961,12,2016,"U",,"N","F","C","2016_12_WI0130800_NIBRS",,0
2016,7147685,26978,1,2016,"U",,"N","F","C","2016_01_WI0560600_NIBRS",,0
2016,7170469,26978,2,2016,"U",,"N","F","C","2016_02_WI0560600_NIBRS",,0
2016,7193253,26978,3,2016,"U",,"N","F","C","2016_03_WI0560600_NIBRS",,0
2016,7216037,26978,4,2016,"U",,"N","F","C","2016_04_WI0560600_NIBRS",,0
2016,7238821,26978,5,2016,"U",,"N","F","C","2016_05_WI0560600_NIBRS",,0
2016,7261605,26978,6,2016,"U",,"N","F","C","2016_06_WI0560600_NIBRS",,0
2016,7284389,26978,7,2016,"U",,"N","F","C","2016_07_WI0560600_NIBRS",,0
2016,7307173,26978,8,2016,"U",,"N","F","C","2016_08_WI0560600_NIBRS",,0
2016,7329957,26978,9,2016,"U",,"N","F","C","2016_09_WI0560600_NIBRS",,0
2016,7352741,26978,10,2016,"U",,"N","F","C","2016_10_WI0560600_NIBRS",,0
2016,7375525,26978,11,2016,"U",,"N","F","C","2016_11_WI0560600_NIBRS",,0
2016,7398309,26978,12,2016,"U",,"N","F","C","2016_12_WI0560600_NIBRS",,0
2016,7147423,25725,1,2016,"U",,"N","F","C","2016_01_WIDI01600_NIBRS",,0
2016,7170207,25725,2,2016,"U",,"N","F","C","2016_02_WIDI01600_NIBRS",,0
2016,7192991,25725,3,2016,"U",,"N","F","C","2016_03_WIDI01600_NIBRS",,0
2016,7215775,25725,4,2016,"U",,"N","F","C","2016_04_WIDI01600_NIBRS",,0
2016,7238559,25725,5,2016,"U",,"N","F","C","2016_05_WIDI01600_NIBRS",,0
2016,7261343,25725,6,2016,"U",,"N","F","C","2016_06_WIDI01600_NIBRS",,0
2016,7284127,25725,7,2016,"U",,"N","F","C","2016_07_WIDI01600_NIBRS",,0
2016,7306911,25725,8,2016,"U",,"N","F","C","2016_08_WIDI01600_NIBRS",,0
2016,7329695,25725,9,2016,"U",,"N","F","C","2016_09_WIDI01600_NIBRS",,0
2016,7352479,25725,10,2016,"U",,"N","F","C","2016_10_WIDI01600_NIBRS",,0
2016,7375263,25725,11,2016,"U",,"N","F","C","2016_11_WIDI01600_NIBRS",,0
2016,7398047,25725,12,2016,"U",,"N","F","C","2016_12_WIDI01600_NIBRS",,0
2016,7147715,27333,1,2016,"U",,"N","F","C","2016_01_WI0541100_NIBRS",,0
2016,7170499,27333,2,2016,"U",,"N","F","C","2016_02_WI0541100_NIBRS",,0
2016,7193283,27333,3,2016,"U",,"N","F","C","2016_03_WI0541100_NIBRS",,0
2016,7216067,27333,4,2016,"U",,"N","F","C","2016_04_WI0541100_NIBRS",,0
2016,7238851,27333,5,2016,"U",,"N","F","C","2016_05_WI0541100_NIBRS",,0
2016,7261635,27333,6,2016,"U",,"N","F","C","2016_06_WI0541100_NIBRS",,0
2016,7284419,27333,7,2016,"U",,"N","F","C","2016_07_WI0541100_NIBRS",,0
2016,7307203,27333,8,2016,"U",,"N","F","C","2016_08_WI0541100_NIBRS",,0
2016,7329987,27333,9,2016,"U",,"N","F","C","2016_09_WI0541100_NIBRS",,0
2016,7352771,27333,10,2016,"U",,"N","F","C","2016_10_WI0541100_NIBRS",,0
2016,7375555,27333,11,2016,"U",,"N","F","C","2016_11_WI0541100_NIBRS",,0
2016,7398339,27333,12,2016,"U",,"N","F","C","2016_12_WI0541100_NIBRS",,0
2016,7147714,27332,1,2016,"U",,"N","F","C","2016_01_WIDI01100_NIBRS",,0
2016,7170498,27332,2,2016,"U",,"N","F","C","2016_02_WIDI01100_NIBRS",,0
2016,7193282,27332,3,2016,"U",,"N","F","C","2016_03_WIDI01100_NIBRS",,0
2016,7216066,27332,4,2016,"U",,"N","F","C","2016_04_WIDI01100_NIBRS",,0
2016,7238850,27332,5,2016,"U",,"N","F","C","2016_05_WIDI01100_NIBRS",,0
2016,7261634,27332,6,2016,"U",,"N","F","C","2016_06_WIDI01100_NIBRS",15790762,0
2016,7284418,27332,7,2016,"U",,"N","F","C","2016_07_WIDI01100_NIBRS",,0
2016,7307202,27332,8,2016,"U",,"N","F","C","2016_08_WIDI01100_NIBRS",,0
2016,7329986,27332,9,2016,"U",,"N","F","C","2016_09_WIDI01100_NIBRS",,0
2016,7352770,27332,10,2016,"U",,"N","F","C","2016_10_WIDI01100_NIBRS",15790742,0
2016,7375554,27332,11,2016,"U",,"N","F","C","2016_11_WIDI01100_NIBRS",,0
2016,7398338,27332,12,2016,"U",,"N","F","C","2016_12_WIDI01100_NIBRS",,0
2016,7146032,21137,1,2016,"U",,"N","F","C","2016_01_WI0412000_NIBRS",,0
2016,7168816,21137,2,2016,"U",,"N","F","C","2016_02_WI0412000_NIBRS",,0
2016,7191600,21137,3,2016,"U",,"N","F","C","2016_03_WI0412000_NIBRS",,0
2016,7214384,21137,4,2016,"U",,"N","F","C","2016_04_WI0412000_NIBRS",,0
2016,7237168,21137,5,2016,"U",,"N","F","C","2016_05_WI0412000_NIBRS",,0
2016,7259952,21137,6,2016,"U",,"N","F","C","2016_06_WI0412000_NIBRS",,0
2016,7282736,21137,7,2016,"U",,"N","F","C","2016_07_WI0412000_NIBRS",,0
2016,7305520,21137,8,2016,"U",,"N","F","C","2016_08_WI0412000_NIBRS",,0
2016,7328304,21137,9,2016,"U",,"N","F","C","2016_09_WI0412000_NIBRS",,0
2016,7351088,21137,10,2016,"U",,"N","F","C","2016_10_WI0412000_NIBRS",,0
2016,7373872,21137,11,2016,"U",,"N","F","C","2016_11_WI0412000_NIBRS",,0
2016,7396656,21137,12,2016,"U",,"N","F","C","2016_12_WI0412000_NIBRS",,0
2016,7146169,21274,1,2016,"I",,"Y","F","C","2016_01_WI0652300_NIBRS",15786930,0
2016,7168953,21274,2,2016,"I",,"Y","F","C","2016_02_WI0652300_NIBRS",4976181,0
2016,7191737,21274,3,2016,"I",,"Y","F","C","2016_03_WI0652300_NIBRS",4976242,0
2016,7214521,21274,4,2016,"I",,"Y","F","C","2016_04_WI0652300_NIBRS",4976328,0
2016,7237305,21274,5,2016,"U",,"N","F","C","2016_05_WI0652300_NIBRS",,0
2016,7260089,21274,6,2016,"I",,"Y","F","C","2016_06_WI0652300_NIBRS",4976376,0
2016,7282873,21274,7,2016,"I",,"Y","F","C","2016_07_WI0652300_NIBRS",4976423,0
2016,7305657,21274,8,2016,"I",,"Y","F","C","2016_08_WI0652300_NIBRS",4976460,0
2016,7328441,21274,9,2016,"I",,"Y","F","C","2016_09_WI0652300_NIBRS",6645265,0
2016,7351225,21274,10,2016,"I",,"Y","F","C","2016_10_WI0652300_NIBRS",6645308,0
2016,7374009,21274,11,2016,"I",,"Y","F","C","2016_11_WI0652300_NIBRS",15786974,0
2016,7396793,21274,12,2016,"I",,"Y","F","C","2016_12_WI0652300_NIBRS",15787053,0
2016,7147679,26972,1,2016,"U",,"N","F","C","2016_01_WI0251200_NIBRS",,0
2016,7170463,26972,2,2016,"U",,"N","F","C","2016_02_WI0251200_NIBRS",,0
2016,7193247,26972,3,2016,"U",,"N","F","C","2016_03_WI0251200_NIBRS",,0
2016,7216031,26972,4,2016,"U",,"N","F","C","2016_04_WI0251200_NIBRS",,0
2016,7238815,26972,5,2016,"U",,"N","F","C","2016_05_WI0251200_NIBRS",,0
2016,7261599,26972,6,2016,"U",,"N","F","C","2016_06_WI0251200_NIBRS",,0
2016,7284383,26972,7,2016,"U",,"N","F","C","2016_07_WI0251200_NIBRS",,0
2016,7307167,26972,8,2016,"U",,"N","F","C","2016_08_WI0251200_NIBRS",,0
2016,7329951,26972,9,2016,"U",,"N","F","C","2016_09_WI0251200_NIBRS",,0
2016,7352735,26972,10,2016,"U",,"N","F","C","2016_10_WI0251200_NIBRS",,0
2016,7375519,26972,11,2016,"U",,"N","F","C","2016_11_WI0251200_NIBRS",,0
2016,7398303,26972,12,2016,"U",,"N","F","C","2016_12_WI0251200_NIBRS",,0
2016,7146223,21328,1,2016,"I",,"Y","F","C","2016_01_WIDI01200_NIBRS",15790723,0
2016,7169007,21328,2,2016,"I",,"N","F","C","2016_02_WIDI01200_NIBRS",,0
2016,7191791,21328,3,2016,"I",,"N","F","C","2016_03_WIDI01200_NIBRS",,0
2016,7214575,21328,4,2016,"I",,"N","F","C","2016_04_WIDI01200_NIBRS",,0
2016,7237359,21328,5,2016,"I",,"N","F","C","2016_05_WIDI01200_NIBRS",2385573,0
2016,7260143,21328,6,2016,"I",,"N","F","C","2016_06_WIDI01200_NIBRS",,0
2016,7282927,21328,7,2016,"I",,"N","F","C","2016_07_WIDI01200_NIBRS",,0
2016,7305711,21328,8,2016,"I",,"N","F","C","2016_08_WIDI01200_NIBRS",,0
2016,7328495,21328,9,2016,"I",,"N","F","C","2016_09_WIDI01200_NIBRS",,0
2016,7351279,21328,10,2016,"I",,"N","F","C","2016_10_WIDI01200_NIBRS",,0
2016,7374063,21328,11,2016,"I",,"N","F","C","2016_11_WIDI01200_NIBRS",1392021,0
2016,7396847,21328,12,2016,"I",,"N","F","C","2016_12_WIDI01200_NIBRS",2385604,0
2016,7147680,26973,1,2016,"U",,"N","F","C","2016_01_WI0330400_NIBRS",,0
2016,7170464,26973,2,2016,"U",,"N","F","C","2016_02_WI0330400_NIBRS",,0
2016,7193248,26973,3,2016,"U",,"N","F","C","2016_03_WI0330400_NIBRS",,0
2016,7216032,26973,4,2016,"U",,"N","F","C","2016_04_WI0330400_NIBRS",,0
2016,7238816,26973,5,2016,"U",,"N","F","C","2016_05_WI0330400_NIBRS",,0
2016,7261600,26973,6,2016,"U",,"N","F","C","2016_06_WI0330400_NIBRS",,0
2016,7284384,26973,7,2016,"U",,"N","F","C","2016_07_WI0330400_NIBRS",,0
2016,7307168,26973,8,2016,"U",,"N","F","C","2016_08_WI0330400_NIBRS",,0
2016,7329952,26973,9,2016,"U",,"N","F","C","2016_09_WI0330400_NIBRS",,0
2016,7352736,26973,10,2016,"U",,"N","F","C","2016_10_WI0330400_NIBRS",,0
2016,7375520,26973,11,2016,"U",,"N","F","C","2016_11_WI0330400_NIBRS",,0
2016,7398304,26973,12,2016,"U",,"N","F","C","2016_12_WI0330400_NIBRS",,0
2016,7147369,25645,1,2016,"U",,"N","F","C","2016_01_WI0230500_NIBRS",,0
2016,7170153,25645,2,2016,"U",,"N","F","C","2016_02_WI0230500_NIBRS",,0
2016,7192937,25645,3,2016,"U",,"N","F","C","2016_03_WI0230500_NIBRS",,0
2016,7215721,25645,4,2016,"U",,"N","F","C","2016_04_WI0230500_NIBRS",,0
2016,7238505,25645,5,2016,"U",,"N","F","C","2016_05_WI0230500_NIBRS",,0
2016,7261289,25645,6,2016,"U",,"N","F","C","2016_06_WI0230500_NIBRS",,0
2016,7284073,25645,7,2016,"U",,"N","F","C","2016_07_WI0230500_NIBRS",,0
2016,7306857,25645,8,2016,"U",,"N","F","C","2016_08_WI0230500_NIBRS",,0
2016,7329641,25645,9,2016,"U",,"N","F","C","2016_09_WI0230500_NIBRS",,0
2016,7352425,25645,10,2016,"U",,"N","F","C","2016_10_WI0230500_NIBRS",,0
2016,7375209,25645,11,2016,"U",,"N","F","C","2016_11_WI0230500_NIBRS",,0
2016,7397993,25645,12,2016,"U",,"N","F","C","2016_12_WI0230500_NIBRS",,0
2016,7145970,21075,1,2016,"U",,"N","F","C","2016_01_WI0320800_NIBRS",,0
2016,7168754,21075,2,2016,"U",,"N","F","C","2016_02_WI0320800_NIBRS",,0
2016,7191538,21075,3,2016,"U",,"N","F","C","2016_03_WI0320800_NIBRS",,0
2016,7214322,21075,4,2016,"U",,"N","F","C","2016_04_WI0320800_NIBRS",,0
2016,7237106,21075,5,2016,"U",,"N","F","C","2016_05_WI0320800_NIBRS",,0
2016,7259890,21075,6,2016,"U",,"N","F","C","2016_06_WI0320800_NIBRS",,0
2016,7282674,21075,7,2016,"U",,"N","F","C","2016_07_WI0320800_NIBRS",,0
2016,7305458,21075,8,2016,"U",,"N","F","C","2016_08_WI0320800_NIBRS",,0
2016,7328242,21075,9,2016,"U",,"N","F","C","2016_09_WI0320800_NIBRS",,0
2016,7351026,21075,10,2016,"U",,"N","F","C","2016_10_WI0320800_NIBRS",,0
2016,7373810,21075,11,2016,"U",,"N","F","C","2016_11_WI0320800_NIBRS",,0
2016,7396594,21075,12,2016,"U",,"N","F","C","2016_12_WI0320800_NIBRS",,0
2016,7145875,20980,1,2016,"U",,"N","F","C","2016_01_WI0137800_NIBRS",,0
2016,7168659,20980,2,2016,"U",,"N","F","C","2016_02_WI0137800_NIBRS",,0
2016,7191443,20980,3,2016,"U",,"N","F","C","2016_03_WI0137800_NIBRS",,0
2016,7214227,20980,4,2016,"U",,"N","F","C","2016_04_WI0137800_NIBRS",,0
2016,7237011,20980,5,2016,"U",,"N","F","C","2016_05_WI0137800_NIBRS",,0
2016,7259795,20980,6,2016,"U",,"N","F","C","2016_06_WI0137800_NIBRS",,0
2016,7282579,20980,7,2016,"U",,"N","F","C","2016_07_WI0137800_NIBRS",,0
2016,7305363,20980,8,2016,"U",,"N","F","C","2016_08_WI0137800_NIBRS",,0
2016,7328147,20980,9,2016,"U",,"N","F","C","2016_09_WI0137800_NIBRS",,0
2016,7350931,20980,10,2016,"U",,"N","F","C","2016_10_WI0137800_NIBRS",,0
2016,7373715,20980,11,2016,"U",,"N","F","C","2016_11_WI0137800_NIBRS",,0
2016,7396499,20980,12,2016,"U",,"N","F","C","2016_12_WI0137800_NIBRS",,0
2016,7147682,26975,1,2016,"U",,"N","F","C","2016_01_WI0720600_NIBRS",,0
2016,7170466,26975,2,2016,"U",,"N","F","C","2016_02_WI0720600_NIBRS",,0
2016,7193250,26975,3,2016,"U",,"N","F","C","2016_03_WI0720600_NIBRS",,0
2016,7216034,26975,4,2016,"U",,"N","F","C","2016_04_WI0720600_NIBRS",,0
2016,7238818,26975,5,2016,"U",,"N","F","C","2016_05_WI0720600_NIBRS",,0
2016,7261602,26975,6,2016,"U",,"N","F","C","2016_06_WI0720600_NIBRS",,0
2016,7284386,26975,7,2016,"U",,"N","F","C","2016_07_WI0720600_NIBRS",,0
2016,7307170,26975,8,2016,"U",,"N","F","C","2016_08_WI0720600_NIBRS",,0
2016,7329954,26975,9,2016,"U",,"N","F","C","2016_09_WI0720600_NIBRS",,0
2016,7352738,26975,10,2016,"U",,"N","F","C","2016_10_WI0720600_NIBRS",,0
2016,7375522,26975,11,2016,"U",,"N","F","C","2016_11_WI0720600_NIBRS",,0
2016,7398306,26975,12,2016,"U",,"N","F","C","2016_12_WI0720600_NIBRS",,0
2016,7145883,20988,1,2016,"I",,"Y","F","C","2016_01_WI0141000_NIBRS",2338793,0
2016,7168667,20988,2,2016,"I",,"Y","F","C","2016_02_WI0141000_NIBRS",2338861,0
2016,7191451,20988,3,2016,"I",,"Y","F","C","2016_03_WI0141000_NIBRS",2338894,0
2016,7214235,20988,4,2016,"I",,"Y","F","C","2016_04_WI0141000_NIBRS",6569499,0
2016,7237019,20988,5,2016,"I",,"Y","F","C","2016_05_WI0141000_NIBRS",2338822,0
2016,7259803,20988,6,2016,"I",,"Y","F","C","2016_06_WI0141000_NIBRS",6569559,0
2016,7282587,20988,7,2016,"I",,"Y","F","C","2016_07_WI0141000_NIBRS",6569938,0
2016,7305607,21224,8,2016,"U",,"N","F","C","2016_08_WI0570300_NIBRS",,0
2016,7328391,21224,9,2016,"U",,"N","F","C","2016_09_WI0570300_NIBRS",,0
2016,7351175,21224,10,2016,"U",,"N","F","C","2016_10_WI0570300_NIBRS",,0
2016,7373959,21224,11,2016,"U",,"N","F","C","2016_11_WI0570300_NIBRS",,0
2016,7396743,21224,12,2016,"U",,"N","F","C","2016_12_WI0570300_NIBRS",,0
2016,7146103,21208,1,2016,"U",,"N","F","C","2016_01_WI0540400_NIBRS",,0
2016,7168887,21208,2,2016,"U",,"N","F","C","2016_02_WI0540400_NIBRS",,0
2016,7191671,21208,3,2016,"U",,"N","F","C","2016_03_WI0540400_NIBRS",,0
2016,7214455,21208,4,2016,"U",,"N","F","C","2016_04_WI0540400_NIBRS",,0
2016,7237239,21208,5,2016,"U",,"N","F","C","2016_05_WI0540400_NIBRS",,0
2016,7260023,21208,6,2016,"U",,"N","F","C","2016_06_WI0540400_NIBRS",,0
2016,7282807,21208,7,2016,"U",,"N","F","C","2016_07_WI0540400_NIBRS",,0
2016,7305591,21208,8,2016,"U",,"N","F","C","2016_08_WI0540400_NIBRS",,0
2016,7328375,21208,9,2016,"U",,"N","F","C","2016_09_WI0540400_NIBRS",,0
2016,7351159,21208,10,2016,"U",,"N","F","C","2016_10_WI0540400_NIBRS",,0
2016,7373943,21208,11,2016,"U",,"N","F","C","2016_11_WI0540400_NIBRS",,0
2016,7396727,21208,12,2016,"U",,"N","F","C","2016_12_WI0540400_NIBRS",,0
2016,7146098,21203,1,2016,"U",,"N","F","C","2016_01_WI0530100_NIBRS",,0
2016,7168882,21203,2,2016,"U",,"N","F","C","2016_02_WI0530100_NIBRS",,0
2016,7191666,21203,3,2016,"U",,"N","F","C","2016_03_WI0530100_NIBRS",,0
2016,7214450,21203,4,2016,"U",,"N","F","C","2016_04_WI0530100_NIBRS",,0
2016,7237234,21203,5,2016,"U",,"N","F","C","2016_05_WI0530100_NIBRS",,0
2016,7260018,21203,6,2016,"U",,"N","F","C","2016_06_WI0530100_NIBRS",,0
2016,7282802,21203,7,2016,"U",,"N","F","C","2016_07_WI0530100_NIBRS",,0
2016,7305586,21203,8,2016,"U",,"N","F","C","2016_08_WI0530100_NIBRS",,0
2016,7328370,21203,9,2016,"U",,"N","F","C","2016_09_WI0530100_NIBRS",,0
2016,7351154,21203,10,2016,"U",,"N","F","C","2016_10_WI0530100_NIBRS",,0
2016,7373938,21203,11,2016,"U",,"N","F","C","2016_11_WI0530100_NIBRS",,0
2016,7396722,21203,12,2016,"U",,"N","F","C","2016_12_WI0530100_NIBRS",,0
2016,7145927,21032,1,2016,"U",,"N","F","C","2016_01_WI0240100_NIBRS",,0
2016,7168711,21032,2,2016,"U",,"N","F","C","2016_02_WI0240100_NIBRS",,0
2016,7191495,21032,3,2016,"U",,"N","F","C","2016_03_WI0240100_NIBRS",,0
2016,7214279,21032,4,2016,"U",,"N","F","C","2016_04_WI0240100_NIBRS",,0
2016,7237063,21032,5,2016,"U",,"N","F","C","2016_05_WI0240100_NIBRS",,0
2016,7259847,21032,6,2016,"U",,"N","F","C","2016_06_WI0240100_NIBRS",,0
2016,7282631,21032,7,2016,"U",,"N","F","C","2016_07_WI0240100_NIBRS",,0
2016,7305415,21032,8,2016,"U",,"N","F","C","2016_08_WI0240100_NIBRS",,0
2016,7328199,21032,9,2016,"U",,"N","F","C","2016_09_WI0240100_NIBRS",,0
2016,7350983,21032,10,2016,"U",,"N","F","C","2016_10_WI0240100_NIBRS",,0
2016,7373767,21032,11,2016,"U",,"N","F","C","2016_11_WI0240100_NIBRS",,0
2016,7396551,21032,12,2016,"U",,"N","F","C","2016_12_WI0240100_NIBRS",,0
2016,7145936,21041,1,2016,"U",,"N","F","C","2016_01_WI0260000_NIBRS",,0
2016,7168720,21041,2,2016,"U",,"N","F","C","2016_02_WI0260000_NIBRS",,0
2016,7191504,21041,3,2016,"U",,"N","F","C","2016_03_WI0260000_NIBRS",,0
2016,7214288,21041,4,2016,"U",,"N","F","C","2016_04_WI0260000_NIBRS",,0
2016,7237072,21041,5,2016,"U",,"N","F","C","2016_05_WI0260000_NIBRS",,0
2016,7259856,21041,6,2016,"U",,"N","F","C","2016_06_WI0260000_NIBRS",,0
2016,7282640,21041,7,2016,"U",,"N","F","C","2016_07_WI0260000_NIBRS",,0
2016,7305424,21041,8,2016,"U",,"N","F","C","2016_08_WI0260000_NIBRS",,0
2016,7328208,21041,9,2016,"U",,"N","F","C","2016_09_WI0260000_NIBRS",,0
2016,7350992,21041,10,2016,"U",,"N","F","C","2016_10_WI0260000_NIBRS",,0
2016,7373776,21041,11,2016,"U",,"N","F","C","2016_11_WI0260000_NIBRS",,0
2016,7396560,21041,12,2016,"U",,"N","F","C","2016_12_WI0260000_NIBRS",,0
2016,7145997,21102,1,2016,"U",,"N","F","C","2016_01_WI0371000_NIBRS",,0
2016,7168781,21102,2,2016,"U",,"N","F","C","2016_02_WI0371000_NIBRS",,0
2016,7191565,21102,3,2016,"U",,"N","F","C","2016_03_WI0371000_NIBRS",,0
2016,7214349,21102,4,2016,"U",,"N","F","C","2016_04_WI0371000_NIBRS",,0
2016,7237133,21102,5,2016,"U",,"N","F","C","2016_05_WI0371000_NIBRS",,0
2016,7259917,21102,6,2016,"U",,"N","F","C","2016_06_WI0371000_NIBRS",,0
2016,7282701,21102,7,2016,"U",,"N","F","C","2016_07_WI0371000_NIBRS",,0
2016,7305485,21102,8,2016,"U",,"N","F","C","2016_08_WI0371000_NIBRS",,0
2016,7328269,21102,9,2016,"U",,"N","F","C","2016_09_WI0371000_NIBRS",,0
2016,7351053,21102,10,2016,"U",,"N","F","C","2016_10_WI0371000_NIBRS",,0
2016,7373837,21102,11,2016,"U",,"N","F","C","2016_11_WI0371000_NIBRS",,0
2016,7396621,21102,12,2016,"U",,"N","F","C","2016_12_WI0371000_NIBRS",,0
2016,7146043,21148,1,2016,"I",,"N","F","C","2016_01_WI0440100_NIBRS",,0
2016,7168827,21148,2,2016,"I",,"N","F","C","2016_02_WI0440100_NIBRS",,0
2016,7191611,21148,3,2016,"I",,"N","F","C","2016_03_WI0440100_NIBRS",,0
2016,7214395,21148,4,2016,"I",,"N","F","C","2016_04_WI0440100_NIBRS",4903236,0
2016,7237179,21148,5,2016,"I",,"N","F","C","2016_05_WI0440100_NIBRS",,0
2016,7259963,21148,6,2016,"I",,"N","F","C","2016_06_WI0440100_NIBRS",,0
2016,7282747,21148,7,2016,"I",,"Y","F","C","2016_07_WI0440100_NIBRS",4903245,0
2016,7305531,21148,8,2016,"I",,"N","F","C","2016_08_WI0440100_NIBRS",,0
2016,7328315,21148,9,2016,"I",,"Y","F","C","2016_09_WI0440100_NIBRS",17133564,0
2016,7351099,21148,10,2016,"I",,"Y","F","C","2016_10_WI0440100_NIBRS",,0
2016,7373883,21148,11,2016,"I",,"Y","F","C","2016_11_WI0440100_NIBRS",1342895,0
2016,7396667,21148,12,2016,"I",,"N","F","C","2016_12_WI0440100_NIBRS",1342963,0
2016,7146201,21306,1,2016,"U",,"N","F","C","2016_01_WI0690100_NIBRS",,0
2016,7168985,21306,2,2016,"U",,"N","F","C","2016_02_WI0690100_NIBRS",,0
2016,7191769,21306,3,2016,"U",,"N","F","C","2016_03_WI0690100_NIBRS",,0
2016,7214553,21306,4,2016,"U",,"N","F","C","2016_04_WI0690100_NIBRS",,0
2016,7237337,21306,5,2016,"U",,"N","F","C","2016_05_WI0690100_NIBRS",,0
2016,7260121,21306,6,2016,"U",,"N","F","C","2016_06_WI0690100_NIBRS",,0
2016,7282905,21306,7,2016,"U",,"N","F","C","2016_07_WI0690100_NIBRS",,0
2016,7305689,21306,8,2016,"U",,"N","F","C","2016_08_WI0690100_NIBRS",,0
2016,7328473,21306,9,2016,"U",,"N","F","C","2016_09_WI0690100_NIBRS",,0
2016,7351257,21306,10,2016,"U",,"N","F","C","2016_10_WI0690100_NIBRS",,0
2016,7374041,21306,11,2016,"U",,"N","F","C","2016_11_WI0690100_NIBRS",,0
2016,7396825,21306,12,2016,"U",,"N","F","C","2016_12_WI0690100_NIBRS",,0
2016,7146029,21134,1,2016,"U",,"N","F","C","2016_01_WI0411700_NIBRS",,0
2016,7168813,21134,2,2016,"U",,"N","F","C","2016_02_WI0411700_NIBRS",,0
2016,7191597,21134,3,2016,"U",,"N","F","C","2016_03_WI0411700_NIBRS",,0
2016,7214381,21134,4,2016,"U",,"N","F","C","2016_04_WI0411700_NIBRS",,0
2016,7237165,21134,5,2016,"U",,"N","F","C","2016_05_WI0411700_NIBRS",,0
2016,7259949,21134,6,2016,"U",,"N","F","C","2016_06_WI0411700_NIBRS",,0
2016,7282733,21134,7,2016,"U",,"N","F","C","2016_07_WI0411700_NIBRS",,0
2016,7305517,21134,8,2016,"U",,"N","F","C","2016_08_WI0411700_NIBRS",,0
2016,7328301,21134,9,2016,"U",,"N","F","C","2016_09_WI0411700_NIBRS",,0
2016,7351085,21134,10,2016,"U",,"N","F","C","2016_10_WI0411700_NIBRS",,0
2016,7373869,21134,11,2016,"U",,"N","F","C","2016_11_WI0411700_NIBRS",,0
2016,7396653,21134,12,2016,"U",,"N","F","C","2016_12_WI0411700_NIBRS",,0
2016,7147560,26079,1,2016,"U",,"N","F","C","2016_01_WI0142000_NIBRS",,0
2016,7170344,26079,2,2016,"U",,"N","F","C","2016_02_WI0142000_NIBRS",,0
2016,7193128,26079,3,2016,"U",,"N","F","C","2016_03_WI0142000_NIBRS",,0
2016,7215912,26079,4,2016,"U",,"N","F","C","2016_04_WI0142000_NIBRS",,0
2016,7238696,26079,5,2016,"U",,"N","F","C","2016_05_WI0142000_NIBRS",,0
2016,7261480,26079,6,2016,"U",,"N","F","C","2016_06_WI0142000_NIBRS",,0
2016,7284264,26079,7,2016,"U",,"N","F","C","2016_07_WI0142000_NIBRS",,0
2016,7307048,26079,8,2016,"U",,"N","F","C","2016_08_WI0142000_NIBRS",,0
2016,7329832,26079,9,2016,"U",,"N","F","C","2016_09_WI0142000_NIBRS",,0
2016,7352616,26079,10,2016,"U",,"N","F","C","2016_10_WI0142000_NIBRS",,0
2016,7375400,26079,11,2016,"U",,"N","F","C","2016_11_WI0142000_NIBRS",,0
2016,7398184,26079,12,2016,"U",,"N","F","C","2016_12_WI0142000_NIBRS",,0
2016,7145827,20932,1,2016,"I",,"Y","F","C","2016_01_WI0080100_NIBRS",6517127,0
2016,7168611,20932,2,2016,"I",,"Y","F","C","2016_02_WI0080100_NIBRS",6517170,0
2016,7191395,20932,3,2016,"I",,"N","F","C","2016_03_WI0080100_NIBRS",6517215,0
2016,7214179,20932,4,2016,"I",,"Y","F","C","2016_04_WI0080100_NIBRS",1229159,0
2016,7236963,20932,5,2016,"I",,"Y","F","C","2016_05_WI0080100_NIBRS",1229290,0
2016,7259747,20932,6,2016,"I",,"Y","F","C","2016_06_WI0080100_NIBRS",1229218,0
2016,7282531,20932,7,2016,"I",,"Y","F","C","2016_07_WI0080100_NIBRS",3668194,0
2016,7305315,20932,8,2016,"I",,"N","F","C","2016_08_WI0080100_NIBRS",,0
2016,7328099,20932,9,2016,"I",,"Y","F","C","2016_09_WI0080100_NIBRS",8567948,0
2016,7350883,20932,10,2016,"I",,"Y","F","C","2016_10_WI0080100_NIBRS",6906001,0
2016,7373667,20932,11,2016,"I",,"Y","F","C","2016_11_WI0080100_NIBRS",3668054,0
2016,7396451,20932,12,2016,"I",,"Y","F","C","2016_12_WI0080100_NIBRS",2253165,0
2016,7146163,21268,1,2016,"U",,"N","F","C","2016_01_WI0651000_NIBRS",,0
2016,7168947,21268,2,2016,"U",,"N","F","C","2016_02_WI0651000_NIBRS",,0
2016,7191731,21268,3,2016,"U",,"N","F","C","2016_03_WI0651000_NIBRS",,0
2016,7214515,21268,4,2016,"U",,"N","F","C","2016_04_WI0651000_NIBRS",,0
2016,7237299,21268,5,2016,"U",,"N","F","C","2016_05_WI0651000_NIBRS",,0
2016,7260083,21268,6,2016,"U",,"N","F","C","2016_06_WI0651000_NIBRS",,0
2016,7282867,21268,7,2016,"U",,"N","F","C","2016_07_WI0651000_NIBRS",,0
2016,7305651,21268,8,2016,"U",,"N","F","C","2016_08_WI0651000_NIBRS",,0
2016,7328435,21268,9,2016,"U",,"N","F","C","2016_09_WI0651000_NIBRS",,0
2016,7351219,21268,10,2016,"U",,"N","F","C","2016_10_WI0651000_NIBRS",,0
2016,7374003,21268,11,2016,"U",,"N","F","C","2016_11_WI0651000_NIBRS",,0
2016,7396787,21268,12,2016,"U",,"N","F","C","2016_12_WI0651000_NIBRS",,0
2016,7145838,20943,1,2016,"U",,"N","F","C","2016_01_WI0100400_NIBRS",,0
2016,7168622,20943,2,2016,"U",,"N","F","C","2016_02_WI0100400_NIBRS",,0
2016,7191406,20943,3,2016,"U",,"N","F","C","2016_03_WI0100400_NIBRS",,0
2016,7214190,20943,4,2016,"U",,"N","F","C","2016_04_WI0100400_NIBRS",,0
2016,7236974,20943,5,2016,"U",,"N","F","C","2016_05_WI0100400_NIBRS",,0
2016,7259758,20943,6,2016,"U",,"N","F","C","2016_06_WI0100400_NIBRS",,0
2016,7282542,20943,7,2016,"U",,"N","F","C","2016_07_WI0100400_NIBRS",,0
2016,7305326,20943,8,2016,"U",,"N","F","C","2016_08_WI0100400_NIBRS",,0
2016,7328110,20943,9,2016,"U",,"N","F","C","2016_09_WI0100400_NIBRS",,0
2016,7350894,20943,10,2016,"U",,"N","F","C","2016_10_WI0100400_NIBRS",,0
2016,7373678,20943,11,2016,"U",,"N","F","C","2016_11_WI0100400_NIBRS",,0
2016,7396462,20943,12,2016,"U",,"N","F","C","2016_12_WI0100400_NIBRS",,0
2016,7145859,20964,1,2016,"I",,"N","F","C","2016_01_WI0131300_NIBRS",,0
2016,7168643,20964,2,2016,"I",,"Y","F","C","2016_02_WI0131300_NIBRS",6547046,0
2016,7191427,20964,3,2016,"I",,"N","F","C","2016_03_WI0131300_NIBRS",,0
2016,7214211,20964,4,2016,"I",,"Y","F","C","2016_04_WI0131300_NIBRS",8578971,0
2016,7236995,20964,5,2016,"I",,"N","F","C","2016_05_WI0131300_NIBRS",,0
2016,7259779,20964,6,2016,"I",,"N","F","C","2016_06_WI0131300_NIBRS",,0
2016,7282563,20964,7,2016,"I",,"Y","F","C","2016_07_WI0131300_NIBRS",3721636,0
2016,7305347,20964,8,2016,"I",,"N","F","C","2016_08_WI0131300_NIBRS",,0
2016,7328131,20964,9,2016,"I",,"Y","F","C","2016_09_WI0131300_NIBRS",,0
2016,7350915,20964,10,2016,"I",,"Y","F","C","2016_10_WI0131300_NIBRS",6546989,0
2016,7373699,20964,11,2016,"I",,"N","F","C","2016_11_WI0131300_NIBRS",,0
2016,7396483,20964,12,2016,"I",,"Y","F","C","2016_12_WI0131300_NIBRS",1296698,0
2016,7145950,21055,1,2016,"U",,"N","F","C","2016_01_WI0290200_NIBRS",,0
2016,7168734,21055,2,2016,"U",,"N","F","C","2016_02_WI0290200_NIBRS",,0
2016,7191518,21055,3,2016,"U",,"N","F","C","2016_03_WI0290200_NIBRS",,0
2016,7214302,21055,4,2016,"U",,"N","F","C","2016_04_WI0290200_NIBRS",,0
2016,7237086,21055,5,2016,"U",,"N","F","C","2016_05_WI0290200_NIBRS",,0
2016,7259870,21055,6,2016,"U",,"N","F","C","2016_06_WI0290200_NIBRS",,0
2016,7282654,21055,7,2016,"U",,"N","F","C","2016_07_WI0290200_NIBRS",,0
2016,7305438,21055,8,2016,"U",,"N","F","C","2016_08_WI0290200_NIBRS",,0
2016,7328222,21055,9,2016,"U",,"N","F","C","2016_09_WI0290200_NIBRS",,0
2016,7351006,21055,10,2016,"U",,"N","F","C","2016_10_WI0290200_NIBRS",,0
2016,7373790,21055,11,2016,"U",,"N","F","C","2016_11_WI0290200_NIBRS",,0
2016,7396574,21055,12,2016,"U",,"N","F","C","2016_12_WI0290200_NIBRS",,0
2016,7146145,21250,1,2016,"U",,"N","F","C","2016_01_WI0630200_NIBRS",,0
2016,7168929,21250,2,2016,"U",,"N","F","C","2016_02_WI0630200_NIBRS",,0
2016,7191713,21250,3,2016,"U",,"N","F","C","2016_03_WI0630200_NIBRS",,0
2016,7214497,21250,4,2016,"U",,"N","F","C","2016_04_WI0630200_NIBRS",,0
2016,7237281,21250,5,2016,"U",,"N","F","C","2016_05_WI0630200_NIBRS",,0
2016,7260065,21250,6,2016,"U",,"N","F","C","2016_06_WI0630200_NIBRS",,0
2016,7282849,21250,7,2016,"U",,"N","F","C","2016_07_WI0630200_NIBRS",,0
2016,7305633,21250,8,2016,"U",,"N","F","C","2016_08_WI0630200_NIBRS",,0
2016,7328417,21250,9,2016,"U",,"N","F","C","2016_09_WI0630200_NIBRS",,0
2016,7351201,21250,10,2016,"U",,"N","F","C","2016_10_WI0630200_NIBRS",,0
2016,7373985,21250,11,2016,"U",,"N","F","C","2016_11_WI0630200_NIBRS",,0
2016,7396769,21250,12,2016,"U",,"N","F","C","2016_12_WI0630200_NIBRS",,0
2016,7145903,21008,1,2016,"U",,"N","F","C","2016_01_WI0190000_NIBRS",,0
2016,7168687,21008,2,2016,"U",,"N","F","C","2016_02_WI0190000_NIBRS",,0
2016,7191471,21008,3,2016,"U",,"N","F","C","2016_03_WI0190000_NIBRS",,0
2016,7214255,21008,4,2016,"U",,"N","F","C","2016_04_WI0190000_NIBRS",,0
2016,7237039,21008,5,2016,"U",,"N","F","C","2016_05_WI0190000_NIBRS",,0
2016,7259823,21008,6,2016,"U",,"N","F","C","2016_06_WI0190000_NIBRS",,0
2016,7282607,21008,7,2016,"U",,"N","F","C","2016_07_WI0190000_NIBRS",,0
2016,7305391,21008,8,2016,"U",,"N","F","C","2016_08_WI0190000_NIBRS",,0
2016,7328175,21008,9,2016,"U",,"N","F","C","2016_09_WI0190000_NIBRS",,0
2016,7350959,21008,10,2016,"U",,"N","F","C","2016_10_WI0190000_NIBRS",,0
2016,7373743,21008,11,2016,"U",,"N","F","C","2016_11_WI0190000_NIBRS",,0
2016,7396527,21008,12,2016,"U",,"N","F","C","2016_12_WI0190000_NIBRS",,0
2016,7146040,21145,1,2016,"U",,"N","F","C","2016_01_WI0430200_NIBRS",,0
2016,7168824,21145,2,2016,"U",,"N","F","C","2016_02_WI0430200_NIBRS",,0
2016,7191608,21145,3,2016,"U",,"N","F","C","2016_03_WI0430200_NIBRS",,0
2016,7214392,21145,4,2016,"U",,"N","F","C","2016_04_WI0430200_NIBRS",,0
2016,7237176,21145,5,2016,"U",,"N","F","C","2016_05_WI0430200_NIBRS",,0
2016,7259960,21145,6,2016,"U",,"N","F","C","2016_06_WI0430200_NIBRS",,0
2016,7282744,21145,7,2016,"U",,"N","F","C","2016_07_WI0430200_NIBRS",,0
2016,7305528,21145,8,2016,"U",,"N","F","C","2016_08_WI0430200_NIBRS",,0
2016,7328312,21145,9,2016,"U",,"N","F","C","2016_09_WI0430200_NIBRS",,0
2016,7351096,21145,10,2016,"U",,"N","F","C","2016_10_WI0430200_NIBRS",,0
2016,7373880,21145,11,2016,"U",,"N","F","C","2016_11_WI0430200_NIBRS",,0
2016,7396664,21145,12,2016,"U",,"N","F","C","2016_12_WI0430200_NIBRS",,0
2016,7146066,21171,1,2016,"U",,"N","F","C","2016_01_WI0460600_NIBRS",,0
2016,7168850,21171,2,2016,"U",,"N","F","C","2016_02_WI0460600_NIBRS",,0
2016,7191634,21171,3,2016,"U",,"N","F","C","2016_03_WI0460600_NIBRS",,0
2016,7214418,21171,4,2016,"U",,"N","F","C","2016_04_WI0460600_NIBRS",,0
2016,7237202,21171,5,2016,"U",,"N","F","C","2016_05_WI0460600_NIBRS",,0
2016,7259986,21171,6,2016,"U",,"N","F","C","2016_06_WI0460600_NIBRS",,0
2016,7282770,21171,7,2016,"U",,"N","F","C","2016_07_WI0460600_NIBRS",,0
2016,7305554,21171,8,2016,"U",,"N","F","C","2016_08_WI0460600_NIBRS",,0
2016,7328338,21171,9,2016,"U",,"N","F","C","2016_09_WI0460600_NIBRS",,0
2016,7351122,21171,10,2016,"U",,"N","F","C","2016_10_WI0460600_NIBRS",,0
2016,7373906,21171,11,2016,"U",,"N","F","C","2016_11_WI0460600_NIBRS",,0
2016,7396690,21171,12,2016,"U",,"N","F","C","2016_12_WI0460600_NIBRS",,0
2016,7146175,21280,1,2016,"U",,"N","F","C","2016_01_WI0670300_NIBRS",,0
2016,7168959,21280,2,2016,"U",,"N","F","C","2016_02_WI0670300_NIBRS",,0
2016,7191743,21280,3,2016,"U",,"N","F","C","2016_03_WI0670300_NIBRS",,0
2016,7214527,21280,4,2016,"U",,"N","F","C","2016_04_WI0670300_NIBRS",,0
2016,7305371,20988,8,2016,"I",,"Y","F","C","2016_08_WI0141000_NIBRS",6569618,0
2016,7328155,20988,9,2016,"I",,"Y","F","C","2016_09_WI0141000_NIBRS",8581873,0
2016,7350939,20988,10,2016,"I",,"Y","F","C","2016_10_WI0141000_NIBRS",6569839,0
2016,7373723,20988,11,2016,"I",,"Y","F","C","2016_11_WI0141000_NIBRS",8581852,0
2016,7396507,20988,12,2016,"I",,"Y","F","C","2016_12_WI0141000_NIBRS",6569993,0
2016,7146124,21229,1,2016,"I",,"Y","F","C","2016_01_WI0580100_NIBRS",2380830,0
2016,7168908,21229,2,2016,"I",,"N","F","C","2016_02_WI0580100_NIBRS",,0
2016,7191692,21229,3,2016,"I",,"Y","F","C","2016_03_WI0580100_NIBRS",6643978,0
2016,7214476,21229,4,2016,"I",,"N","F","C","2016_04_WI0580100_NIBRS",1387040,0
2016,7145816,20921,1,2016,"U",,"N","F","C","2016_01_WI0050500_NIBRS",,0
2016,7168600,20921,2,2016,"U",,"N","F","C","2016_02_WI0050500_NIBRS",,0
2016,7191384,20921,3,2016,"U",,"N","F","C","2016_03_WI0050500_NIBRS",,0
2016,7214168,20921,4,2016,"U",,"N","F","C","2016_04_WI0050500_NIBRS",,0
2016,7236952,20921,5,2016,"U",,"N","F","C","2016_05_WI0050500_NIBRS",,0
2016,7259736,20921,6,2016,"U",,"N","F","C","2016_06_WI0050500_NIBRS",,0
2016,7282520,20921,7,2016,"U",,"N","F","C","2016_07_WI0050500_NIBRS",,0
2016,7305304,20921,8,2016,"U",,"N","F","C","2016_08_WI0050500_NIBRS",,0
2016,7328088,20921,9,2016,"U",,"N","F","C","2016_09_WI0050500_NIBRS",,0
2016,7350872,20921,10,2016,"U",,"N","F","C","2016_10_WI0050500_NIBRS",,0
2016,7373656,20921,11,2016,"U",,"N","F","C","2016_11_WI0050500_NIBRS",,0
2016,7396440,20921,12,2016,"U",,"N","F","C","2016_12_WI0050500_NIBRS",,0
2016,7145933,21038,1,2016,"U",,"N","F","C","2016_01_WI0250200_NIBRS",,0
2016,7168717,21038,2,2016,"U",,"N","F","C","2016_02_WI0250200_NIBRS",,0
2016,7191501,21038,3,2016,"U",,"N","F","C","2016_03_WI0250200_NIBRS",,0
2016,7214285,21038,4,2016,"U",,"N","F","C","2016_04_WI0250200_NIBRS",,0
2016,7237069,21038,5,2016,"U",,"N","F","C","2016_05_WI0250200_NIBRS",,0
2016,7259853,21038,6,2016,"U",,"N","F","C","2016_06_WI0250200_NIBRS",,0
2016,7282637,21038,7,2016,"U",,"N","F","C","2016_07_WI0250200_NIBRS",,0
2016,7305421,21038,8,2016,"U",,"N","F","C","2016_08_WI0250200_NIBRS",,0
2016,7328205,21038,9,2016,"U",,"N","F","C","2016_09_WI0250200_NIBRS",,0
2016,7350989,21038,10,2016,"U",,"N","F","C","2016_10_WI0250200_NIBRS",,0
2016,7373773,21038,11,2016,"U",,"N","F","C","2016_11_WI0250200_NIBRS",,0
2016,7396557,21038,12,2016,"U",,"N","F","C","2016_12_WI0250200_NIBRS",,0
2016,7145866,20971,1,2016,"I",,"N","F","C","2016_01_WI0136800_NIBRS",,0
2016,7168650,20971,2,2016,"I",,"N","F","C","2016_02_WI0136800_NIBRS",,0
2016,7191434,20971,3,2016,"I",,"N","F","C","2016_03_WI0136800_NIBRS",,0
2016,7214218,20971,4,2016,"I",,"N","F","C","2016_04_WI0136800_NIBRS",,0
2016,7237002,20971,5,2016,"I",,"N","F","C","2016_05_WI0136800_NIBRS",,0
2016,7259786,20971,6,2016,"I",,"N","F","C","2016_06_WI0136800_NIBRS",,0
2016,7282570,20971,7,2016,"I",,"N","F","C","2016_07_WI0136800_NIBRS",,0
2016,7305354,20971,8,2016,"I",,"Y","F","C","2016_08_WI0136800_NIBRS",1299014,0
2016,7328138,20971,9,2016,"I",,"N","F","C","2016_09_WI0136800_NIBRS",,0
2016,7350922,20971,10,2016,"I",,"N","F","C","2016_10_WI0136800_NIBRS",,0
2016,7373706,20971,11,2016,"Z",,"N","F","C","2016_11_WI0136800_NIBRS",4890058,0
2016,7396490,20971,12,2016,"I",,"Y","F","C","2016_12_WI0136800_NIBRS",4890125,0
2016,7145822,20927,1,2016,"U",,"N","F","C","2016_01_WI0060300_NIBRS",,0
2016,7168606,20927,2,2016,"U",,"N","F","C","2016_02_WI0060300_NIBRS",,0
2016,7191390,20927,3,2016,"U",,"N","F","C","2016_03_WI0060300_NIBRS",,0
2016,7214174,20927,4,2016,"U",,"N","F","C","2016_04_WI0060300_NIBRS",,0
2016,7236958,20927,5,2016,"U",,"N","F","C","2016_05_WI0060300_NIBRS",,0
2016,7259742,20927,6,2016,"U",,"N","F","C","2016_06_WI0060300_NIBRS",,0
2016,7282526,20927,7,2016,"U",,"N","F","C","2016_07_WI0060300_NIBRS",,0
2016,7305310,20927,8,2016,"U",,"N","F","C","2016_08_WI0060300_NIBRS",,0
2016,7328094,20927,9,2016,"U",,"N","F","C","2016_09_WI0060300_NIBRS",,0
2016,7350878,20927,10,2016,"U",,"N","F","C","2016_10_WI0060300_NIBRS",,0
2016,7373662,20927,11,2016,"U",,"N","F","C","2016_11_WI0060300_NIBRS",,0
2016,7396446,20927,12,2016,"U",,"N","F","C","2016_12_WI0060300_NIBRS",,0
2016,7146108,21213,1,2016,"U",,"N","F","C","2016_01_WI0540900_NIBRS",,0
2016,7168892,21213,2,2016,"U",,"N","F","C","2016_02_WI0540900_NIBRS",,0
2016,7191676,21213,3,2016,"U",,"N","F","C","2016_03_WI0540900_NIBRS",,0
2016,7214460,21213,4,2016,"U",,"N","F","C","2016_04_WI0540900_NIBRS",,0
2016,7237244,21213,5,2016,"U",,"N","F","C","2016_05_WI0540900_NIBRS",,0
2016,7260028,21213,6,2016,"U",,"N","F","C","2016_06_WI0540900_NIBRS",,0
2016,7282812,21213,7,2016,"U",,"N","F","C","2016_07_WI0540900_NIBRS",,0
2016,7305596,21213,8,2016,"U",,"N","F","C","2016_08_WI0540900_NIBRS",,0
2016,7328380,21213,9,2016,"U",,"N","F","C","2016_09_WI0540900_NIBRS",,0
2016,7351164,21213,10,2016,"U",,"N","F","C","2016_10_WI0540900_NIBRS",,0
2016,7373948,21213,11,2016,"U",,"N","F","C","2016_11_WI0540900_NIBRS",,0
2016,7396732,21213,12,2016,"U",,"N","F","C","2016_12_WI0540900_NIBRS",,0
2016,7145844,20949,1,2016,"I",,"Y","F","C","2016_01_WI0110700_NIBRS",4909068,0
2016,7168628,20949,2,2016,"I",,"Y","F","C","2016_02_WI0110700_NIBRS",4909107,0
2016,7191412,20949,3,2016,"I",,"Y","F","C","2016_03_WI0110700_NIBRS",4909163,0
2016,7214196,20949,4,2016,"I",,"Y","F","C","2016_04_WI0110700_NIBRS",4909215,0
2016,7147557,26061,1,2016,"U",,"N","F","C","2016_01_WI0650600_NIBRS",,0
2016,7170341,26061,2,2016,"U",,"N","F","C","2016_02_WI0650600_NIBRS",,0
2016,7193125,26061,3,2016,"U",,"N","F","C","2016_03_WI0650600_NIBRS",,0
2016,7215909,26061,4,2016,"U",,"N","F","C","2016_04_WI0650600_NIBRS",,0
2016,7238693,26061,5,2016,"U",,"N","F","C","2016_05_WI0650600_NIBRS",,0
2016,7261477,26061,6,2016,"U",,"N","F","C","2016_06_WI0650600_NIBRS",,0
2016,7284261,26061,7,2016,"U",,"N","F","C","2016_07_WI0650600_NIBRS",,0
2016,7307045,26061,8,2016,"U",,"N","F","C","2016_08_WI0650600_NIBRS",,0
2016,7329829,26061,9,2016,"U",,"N","F","C","2016_09_WI0650600_NIBRS",,0
2016,7352613,26061,10,2016,"U",,"N","F","C","2016_10_WI0650600_NIBRS",,0
2016,7375397,26061,11,2016,"U",,"N","F","C","2016_11_WI0650600_NIBRS",,0
2016,7398181,26061,12,2016,"U",,"N","F","C","2016_12_WI0650600_NIBRS",,0
2016,7145837,20942,1,2016,"U",,"N","F","C","2016_01_WI0100300_NIBRS",,0
2016,7168621,20942,2,2016,"U",,"N","F","C","2016_02_WI0100300_NIBRS",,0
2016,7191405,20942,3,2016,"U",,"N","F","C","2016_03_WI0100300_NIBRS",,0
2016,7214189,20942,4,2016,"U",,"N","F","C","2016_04_WI0100300_NIBRS",,0
2016,7236973,20942,5,2016,"U",,"N","F","C","2016_05_WI0100300_NIBRS",,0
2016,7259757,20942,6,2016,"U",,"N","F","C","2016_06_WI0100300_NIBRS",,0
2016,7282541,20942,7,2016,"U",,"N","F","C","2016_07_WI0100300_NIBRS",,0
2016,7305325,20942,8,2016,"U",,"N","F","C","2016_08_WI0100300_NIBRS",,0
2016,7328109,20942,9,2016,"U",,"N","F","C","2016_09_WI0100300_NIBRS",,0
2016,7350893,20942,10,2016,"U",,"N","F","C","2016_10_WI0100300_NIBRS",,0
2016,7373677,20942,11,2016,"U",,"N","F","C","2016_11_WI0100300_NIBRS",,0
2016,7396461,20942,12,2016,"U",,"N","F","C","2016_12_WI0100300_NIBRS",,0
2016,7145973,21078,1,2016,"U",,"N","F","C","2016_01_WI0330300_NIBRS",,0
2016,7168757,21078,2,2016,"U",,"N","F","C","2016_02_WI0330300_NIBRS",,0
2016,7191541,21078,3,2016,"U",,"N","F","C","2016_03_WI0330300_NIBRS",,0
2016,7214325,21078,4,2016,"U",,"N","F","C","2016_04_WI0330300_NIBRS",,0
2016,7237109,21078,5,2016,"U",,"N","F","C","2016_05_WI0330300_NIBRS",,0
2016,7259893,21078,6,2016,"U",,"N","F","C","2016_06_WI0330300_NIBRS",,0
2016,7282677,21078,7,2016,"U",,"N","F","C","2016_07_WI0330300_NIBRS",,0
2016,7305461,21078,8,2016,"U",,"N","F","C","2016_08_WI0330300_NIBRS",,0
2016,7328245,21078,9,2016,"U",,"N","F","C","2016_09_WI0330300_NIBRS",,0
2016,7351029,21078,10,2016,"U",,"N","F","C","2016_10_WI0330300_NIBRS",,0
2016,7373813,21078,11,2016,"U",,"N","F","C","2016_11_WI0330300_NIBRS",,0
2016,7396597,21078,12,2016,"U",,"N","F","C","2016_12_WI0330300_NIBRS",,0
2016,7145861,20966,1,2016,"U",,"N","F","C","2016_01_WI0131500_NIBRS",,0
2016,7168645,20966,2,2016,"U",,"N","F","C","2016_02_WI0131500_NIBRS",,0
2016,7191429,20966,3,2016,"U",,"N","F","C","2016_03_WI0131500_NIBRS",,0
2016,7214213,20966,4,2016,"U",,"N","F","C","2016_04_WI0131500_NIBRS",,0
2016,7236997,20966,5,2016,"U",,"N","F","C","2016_05_WI0131500_NIBRS",,0
2016,7259781,20966,6,2016,"U",,"N","F","C","2016_06_WI0131500_NIBRS",,0
2016,7282565,20966,7,2016,"U",,"N","F","C","2016_07_WI0131500_NIBRS",,0
2016,7305349,20966,8,2016,"U",,"N","F","C","2016_08_WI0131500_NIBRS",,0
2016,7328133,20966,9,2016,"U",,"N","F","C","2016_09_WI0131500_NIBRS",,0
2016,7350917,20966,10,2016,"U",,"N","F","C","2016_10_WI0131500_NIBRS",,0
2016,7373701,20966,11,2016,"U",,"N","F","C","2016_11_WI0131500_NIBRS",,0
2016,7146086,21191,1,2016,"U",,"N","F","C","2016_01_WI0510100_NIBRS",,0
2016,7168870,21191,2,2016,"U",,"N","F","C","2016_02_WI0510100_NIBRS",,0
2016,7191654,21191,3,2016,"U",,"N","F","C","2016_03_WI0510100_NIBRS",,0
2016,7214438,21191,4,2016,"U",,"N","F","C","2016_04_WI0510100_NIBRS",,0
2016,7237222,21191,5,2016,"U",,"N","F","C","2016_05_WI0510100_NIBRS",,0
2016,7260006,21191,6,2016,"U",,"N","F","C","2016_06_WI0510100_NIBRS",,0
2016,7282790,21191,7,2016,"U",,"N","F","C","2016_07_WI0510100_NIBRS",,0
2016,7305574,21191,8,2016,"U",,"N","F","C","2016_08_WI0510100_NIBRS",,0
2016,7328358,21191,9,2016,"U",,"N","F","C","2016_09_WI0510100_NIBRS",,0
2016,7351142,21191,10,2016,"U",,"N","F","C","2016_10_WI0510100_NIBRS",,0
2016,7373926,21191,11,2016,"U",,"N","F","C","2016_11_WI0510100_NIBRS",,0
2016,7396710,21191,12,2016,"U",,"N","F","C","2016_12_WI0510100_NIBRS",,0
2016,7146213,21318,1,2016,"U",,"N","F","C","2016_01_WI0710400_NIBRS",,0
2016,7168997,21318,2,2016,"U",,"N","F","C","2016_02_WI0710400_NIBRS",,0
2016,7191781,21318,3,2016,"U",,"N","F","C","2016_03_WI0710400_NIBRS",,0
2016,7214565,21318,4,2016,"U",,"N","F","C","2016_04_WI0710400_NIBRS",,0
2016,7237349,21318,5,2016,"U",,"N","F","C","2016_05_WI0710400_NIBRS",,0
2016,7260133,21318,6,2016,"U",,"N","F","C","2016_06_WI0710400_NIBRS",,0
2016,7282917,21318,7,2016,"U",,"N","F","C","2016_07_WI0710400_NIBRS",,0
2016,7305701,21318,8,2016,"U",,"N","F","C","2016_08_WI0710400_NIBRS",,0
2016,7328485,21318,9,2016,"U",,"N","F","C","2016_09_WI0710400_NIBRS",,0
2016,7351269,21318,10,2016,"U",,"N","F","C","2016_10_WI0710400_NIBRS",,0
2016,7374053,21318,11,2016,"U",,"N","F","C","2016_11_WI0710400_NIBRS",,0
2016,7396837,21318,12,2016,"U",,"N","F","C","2016_12_WI0710400_NIBRS",,0
2016,7146219,21324,1,2016,"U",,"N","F","C","2016_01_WI0720200_NIBRS",,0
2016,7169003,21324,2,2016,"U",,"N","F","C","2016_02_WI0720200_NIBRS",,0
2016,7191787,21324,3,2016,"U",,"N","F","C","2016_03_WI0720200_NIBRS",,0
2016,7214571,21324,4,2016,"U",,"N","F","C","2016_04_WI0720200_NIBRS",,0
2016,7237355,21324,5,2016,"U",,"N","F","C","2016_05_WI0720200_NIBRS",,0
2016,7260139,21324,6,2016,"U",,"N","F","C","2016_06_WI0720200_NIBRS",,0
2016,7282923,21324,7,2016,"U",,"N","F","C","2016_07_WI0720200_NIBRS",,0
2016,7305707,21324,8,2016,"U",,"N","F","C","2016_08_WI0720200_NIBRS",,0
2016,7328491,21324,9,2016,"U",,"N","F","C","2016_09_WI0720200_NIBRS",,0
2016,7351275,21324,10,2016,"U",,"N","F","C","2016_10_WI0720200_NIBRS",,0
2016,7374059,21324,11,2016,"U",,"N","F","C","2016_11_WI0720200_NIBRS",,0
2016,7396843,21324,12,2016,"U",,"N","F","C","2016_12_WI0720200_NIBRS",,0
2016,7146079,21184,1,2016,"U",,"N","F","C","2016_01_WI0490700_NIBRS",,0
2016,7168863,21184,2,2016,"U",,"N","F","C","2016_02_WI0490700_NIBRS",,0
2016,7191647,21184,3,2016,"U",,"N","F","C","2016_03_WI0490700_NIBRS",,0
2016,7146104,21209,1,2016,"U",,"N","F","C","2016_01_WI0540500_NIBRS",,0
2016,7168888,21209,2,2016,"U",,"N","F","C","2016_02_WI0540500_NIBRS",,0
2016,7191672,21209,3,2016,"U",,"N","F","C","2016_03_WI0540500_NIBRS",,0
2016,7214456,21209,4,2016,"U",,"N","F","C","2016_04_WI0540500_NIBRS",,0
2016,7237240,21209,5,2016,"U",,"N","F","C","2016_05_WI0540500_NIBRS",,0
2016,7260024,21209,6,2016,"U",,"N","F","C","2016_06_WI0540500_NIBRS",,0
2016,7282808,21209,7,2016,"U",,"N","F","C","2016_07_WI0540500_NIBRS",,0
2016,7305592,21209,8,2016,"U",,"N","F","C","2016_08_WI0540500_NIBRS",,0
2016,7328376,21209,9,2016,"U",,"N","F","C","2016_09_WI0540500_NIBRS",,0
2016,7351160,21209,10,2016,"U",,"N","F","C","2016_10_WI0540500_NIBRS",,0
2016,7373944,21209,11,2016,"U",,"N","F","C","2016_11_WI0540500_NIBRS",,0
2016,7396728,21209,12,2016,"U",,"N","F","C","2016_12_WI0540500_NIBRS",,0
2016,7145798,20903,1,2016,"I",,"Y","F","C","2016_01_WI0010100_NIBRS",15681285,0
2016,7168582,20903,2,2016,"I",,"N","F","C","2016_02_WI0010100_NIBRS",,0
2016,7191366,20903,3,2016,"I",,"Y","F","C","2016_03_WI0010100_NIBRS",15681224,0
2016,7214150,20903,4,2016,"I",,"Y","F","C","2016_04_WI0010100_NIBRS",15681319,0
2016,7236934,20903,5,2016,"I",,"Y","F","C","2016_05_WI0010100_NIBRS",15681259,0
2016,7259718,20903,6,2016,"I",,"N","F","C","2016_06_WI0010100_NIBRS",,0
2016,7282502,20903,7,2016,"I",,"Y","F","C","2016_07_WI0010100_NIBRS",15681334,0
2016,7305286,20903,8,2016,"I",,"Y","F","C","2016_08_WI0010100_NIBRS",15681392,0
2016,7328070,20903,9,2016,"I",,"Y","F","C","2016_09_WI0010100_NIBRS",15681435,0
2016,7350854,20903,10,2016,"I",,"Y","F","C","2016_10_WI0010100_NIBRS",15681488,0
2016,7373638,20903,11,2016,"I",,"Y","F","C","2016_11_WI0010100_NIBRS",15681549,0
2016,7396422,20903,12,2016,"I",,"Y","F","C","2016_12_WI0010100_NIBRS",15681600,0
2016,7146132,21237,1,2016,"U",,"N","F","C","2016_01_WI0600600_NIBRS",,0
2016,7145808,20913,1,2016,"U",,"N","F","C","2016_01_WI0040100_NIBRS",,0
2016,7168592,20913,2,2016,"U",,"N","F","C","2016_02_WI0040100_NIBRS",,0
2016,7191376,20913,3,2016,"U",,"N","F","C","2016_03_WI0040100_NIBRS",,0
2016,7214160,20913,4,2016,"U",,"N","F","C","2016_04_WI0040100_NIBRS",,0
2016,7236944,20913,5,2016,"U",,"N","F","C","2016_05_WI0040100_NIBRS",,0
2016,7259728,20913,6,2016,"U",,"N","F","C","2016_06_WI0040100_NIBRS",,0
2016,7282512,20913,7,2016,"U",,"N","F","C","2016_07_WI0040100_NIBRS",,0
2016,7305296,20913,8,2016,"U",,"N","F","C","2016_08_WI0040100_NIBRS",,0
2016,7328080,20913,9,2016,"U",,"N","F","C","2016_09_WI0040100_NIBRS",,0
2016,7350864,20913,10,2016,"U",,"N","F","C","2016_10_WI0040100_NIBRS",,0
2016,7373648,20913,11,2016,"U",,"N","F","C","2016_11_WI0040100_NIBRS",,0
2016,7396432,20913,12,2016,"U",,"N","F","C","2016_12_WI0040100_NIBRS",,0
2016,7145995,21100,1,2016,"I",,"Y","F","C","2016_01_WI0370700_NIBRS",4913603,0
2016,7168779,21100,2,2016,"I",,"Y","F","C","2016_02_WI0370700_NIBRS",4913641,0
2016,7191563,21100,3,2016,"I",,"Y","F","C","2016_03_WI0370700_NIBRS",4913690,0
2016,7214347,21100,4,2016,"I",,"Y","F","C","2016_04_WI0370700_NIBRS",9895494,0
2016,7237131,21100,5,2016,"I",,"Y","F","C","2016_05_WI0370700_NIBRS",4913764,0
2016,7259915,21100,6,2016,"I",,"Y","F","C","2016_06_WI0370700_NIBRS",9895515,0
2016,7282699,21100,7,2016,"I",,"Y","F","C","2016_07_WI0370700_NIBRS",4913832,0
2016,7305483,21100,8,2016,"I",,"Y","F","C","2016_08_WI0370700_NIBRS",4913885,0
2016,7328267,21100,9,2016,"I",,"Y","F","C","2016_09_WI0370700_NIBRS",4913930,0
2016,7351051,21100,10,2016,"I",,"Y","F","C","2016_10_WI0370700_NIBRS",4913962,0
2016,7373835,21100,11,2016,"I",,"Y","F","C","2016_11_WI0370700_NIBRS",4913997,0
2016,7396619,21100,12,2016,"I",,"Y","F","C","2016_12_WI0370700_NIBRS",9895534,0
2016,7145872,20977,1,2016,"I",,"N","F","C","2016_01_WI0137500_NIBRS",,0
2016,7146197,21302,1,2016,"U",,"N","F","C","2016_01_WI0682500_NIBRS",,0
2016,7168981,21302,2,2016,"U",,"N","F","C","2016_02_WI0682500_NIBRS",,0
2016,7191765,21302,3,2016,"U",,"N","F","C","2016_03_WI0682500_NIBRS",,0
2016,7214549,21302,4,2016,"U",,"N","F","C","2016_04_WI0682500_NIBRS",,0
2016,7237333,21302,5,2016,"U",,"N","F","C","2016_05_WI0682500_NIBRS",,0
2016,7260117,21302,6,2016,"U",,"N","F","C","2016_06_WI0682500_NIBRS",,0
2016,7282901,21302,7,2016,"U",,"N","F","C","2016_07_WI0682500_NIBRS",,0
2016,7305685,21302,8,2016,"U",,"N","F","C","2016_08_WI0682500_NIBRS",,0
2016,7328469,21302,9,2016,"U",,"N","F","C","2016_09_WI0682500_NIBRS",,0
2016,7351253,21302,10,2016,"U",,"N","F","C","2016_10_WI0682500_NIBRS",,0
2016,7374037,21302,11,2016,"U",,"N","F","C","2016_11_WI0682500_NIBRS",,0
2016,7396821,21302,12,2016,"U",,"N","F","C","2016_12_WI0682500_NIBRS",,0
2016,7145907,21012,1,2016,"U",,"N","F","C","2016_01_WI0200300_NIBRS",,0
2016,7168691,21012,2,2016,"U",,"N","F","C","2016_02_WI0200300_NIBRS",,0
2016,7191475,21012,3,2016,"U",,"N","F","C","2016_03_WI0200300_NIBRS",,0
2016,7237311,21280,5,2016,"U",,"N","F","C","2016_05_WI0670300_NIBRS",,0
2016,7260095,21280,6,2016,"U",,"N","F","C","2016_06_WI0670300_NIBRS",,0
2016,7282879,21280,7,2016,"U",,"N","F","C","2016_07_WI0670300_NIBRS",,0
2016,7305663,21280,8,2016,"U",,"N","F","C","2016_08_WI0670300_NIBRS",,0
2016,7328447,21280,9,2016,"U",,"N","F","C","2016_09_WI0670300_NIBRS",,0
2016,7351231,21280,10,2016,"U",,"N","F","C","2016_10_WI0670300_NIBRS",,0
2016,7374015,21280,11,2016,"U",,"N","F","C","2016_11_WI0670300_NIBRS",,0
2016,7396799,21280,12,2016,"U",,"N","F","C","2016_12_WI0670300_NIBRS",,0
2016,7145862,20967,1,2016,"I",,"Y","F","C","2016_01_WI0131600_NIBRS",2262281,0
2016,7168646,20967,2,2016,"I",,"N","F","C","2016_02_WI0131600_NIBRS",,0
2016,7191430,20967,3,2016,"I",,"N","F","C","2016_03_WI0131600_NIBRS",,0
2016,7214214,20967,4,2016,"I",,"N","F","C","2016_04_WI0131600_NIBRS",,0
2016,7236998,20967,5,2016,"I",,"Y","F","C","2016_05_WI0131600_NIBRS",6549988,0
2016,7259782,20967,6,2016,"I",,"Y","F","C","2016_06_WI0131600_NIBRS",17165684,0
2016,7282566,20967,7,2016,"I",,"N","F","C","2016_07_WI0131600_NIBRS",,0
2016,7305350,20967,8,2016,"I",,"Y","F","C","2016_08_WI0131600_NIBRS",2262203,0
2016,7328134,20967,9,2016,"I",,"N","F","C","2016_09_WI0131600_NIBRS",,0
2016,7350918,20967,10,2016,"I",,"Y","F","C","2016_10_WI0131600_NIBRS",6549814,0
2016,7373702,20967,11,2016,"I",,"Y","F","C","2016_11_WI0131600_NIBRS",2262342,0
2016,7396486,20967,12,2016,"I",,"Y","F","C","2016_12_WI0131600_NIBRS",2262381,0
2016,7146134,21239,1,2016,"U",,"N","F","C","2016_01_WI0610100_NIBRS",,0
2016,7168918,21239,2,2016,"U",,"N","F","C","2016_02_WI0610100_NIBRS",,0
2016,7191702,21239,3,2016,"U",,"N","F","C","2016_03_WI0610100_NIBRS",,0
2016,7214486,21239,4,2016,"U",,"N","F","C","2016_04_WI0610100_NIBRS",,0
2016,7237270,21239,5,2016,"U",,"N","F","C","2016_05_WI0610100_NIBRS",,0
2016,7260054,21239,6,2016,"U",,"N","F","C","2016_06_WI0610100_NIBRS",,0
2016,7282838,21239,7,2016,"U",,"N","F","C","2016_07_WI0610100_NIBRS",,0
2016,7305622,21239,8,2016,"U",,"N","F","C","2016_08_WI0610100_NIBRS",,0
2016,7328406,21239,9,2016,"U",,"N","F","C","2016_09_WI0610100_NIBRS",,0
2016,7351190,21239,10,2016,"U",,"N","F","C","2016_10_WI0610100_NIBRS",,0
2016,7373974,21239,11,2016,"U",,"N","F","C","2016_11_WI0610100_NIBRS",,0
2016,7396758,21239,12,2016,"U",,"N","F","C","2016_12_WI0610100_NIBRS",,0
2016,7145968,21073,1,2016,"I",,"N","F","C","2016_01_WI0320600_NIBRS",,0
2016,7168752,21073,2,2016,"I",,"N","F","C","2016_02_WI0320600_NIBRS",,0
2016,7191536,21073,3,2016,"I",,"N","F","C","2016_03_WI0320600_NIBRS",,0
2016,7214320,21073,4,2016,"I",,"N","F","C","2016_04_WI0320600_NIBRS",,0
2016,7237104,21073,5,2016,"I",,"Y","F","C","2016_05_WI0320600_NIBRS",4892293,0
2016,7259888,21073,6,2016,"I",,"Y","F","C","2016_06_WI0320600_NIBRS",9893346,0
2016,7282672,21073,7,2016,"I",,"Y","F","C","2016_07_WI0320600_NIBRS",,0
2016,7305456,21073,8,2016,"I",,"N","F","C","2016_08_WI0320600_NIBRS",,0
2016,7328240,21073,9,2016,"I",,"Y","F","C","2016_09_WI0320600_NIBRS",7711897,0
2016,7351024,21073,10,2016,"I",,"N","F","C","2016_10_WI0320600_NIBRS",1322510,0
2016,7373808,21073,11,2016,"I",,"N","F","C","2016_11_WI0320600_NIBRS",1322351,0
2016,7396592,21073,12,2016,"I",,"N","F","C","2016_12_WI0320600_NIBRS",2348898,0
2016,7146073,21178,1,2016,"U",,"N","F","C","2016_01_WI0480300_NIBRS",,0
2016,7168857,21178,2,2016,"U",,"N","F","C","2016_02_WI0480300_NIBRS",,0
2016,7191641,21178,3,2016,"U",,"N","F","C","2016_03_WI0480300_NIBRS",,0
2016,7214425,21178,4,2016,"U",,"N","F","C","2016_04_WI0480300_NIBRS",,0
2016,7237209,21178,5,2016,"U",,"N","F","C","2016_05_WI0480300_NIBRS",,0
2016,7259993,21178,6,2016,"U",,"N","F","C","2016_06_WI0480300_NIBRS",,0
2016,7282777,21178,7,2016,"U",,"N","F","C","2016_07_WI0480300_NIBRS",,0
2016,7305561,21178,8,2016,"U",,"N","F","C","2016_08_WI0480300_NIBRS",,0
2016,7328345,21178,9,2016,"U",,"N","F","C","2016_09_WI0480300_NIBRS",,0
2016,7351129,21178,10,2016,"U",,"N","F","C","2016_10_WI0480300_NIBRS",,0
2016,7373913,21178,11,2016,"U",,"N","F","C","2016_11_WI0480300_NIBRS",,0
2016,7396697,21178,12,2016,"U",,"N","F","C","2016_12_WI0480300_NIBRS",,0
2016,7146162,21267,1,2016,"U",,"N","F","C","2016_01_WI0650900_NIBRS",,0
2016,7168946,21267,2,2016,"U",,"N","F","C","2016_02_WI0650900_NIBRS",,0
2016,7191730,21267,3,2016,"U",,"N","F","C","2016_03_WI0650900_NIBRS",,0
2016,7214514,21267,4,2016,"U",,"N","F","C","2016_04_WI0650900_NIBRS",,0
2016,7237298,21267,5,2016,"U",,"N","F","C","2016_05_WI0650900_NIBRS",,0
2016,7260082,21267,6,2016,"U",,"N","F","C","2016_06_WI0650900_NIBRS",,0
2016,7282866,21267,7,2016,"U",,"N","F","C","2016_07_WI0650900_NIBRS",,0
2016,7305650,21267,8,2016,"U",,"N","F","C","2016_08_WI0650900_NIBRS",,0
2016,7328434,21267,9,2016,"U",,"N","F","C","2016_09_WI0650900_NIBRS",,0
2016,7351218,21267,10,2016,"U",,"N","F","C","2016_10_WI0650900_NIBRS",,0
2016,7374002,21267,11,2016,"U",,"N","F","C","2016_11_WI0650900_NIBRS",,0
2016,7396786,21267,12,2016,"U",,"N","F","C","2016_12_WI0650900_NIBRS",,0
2016,7146013,21118,1,2016,"U",,"N","F","C","2016_01_WI0410100_NIBRS",,0
2016,7168797,21118,2,2016,"U",,"N","F","C","2016_02_WI0410100_NIBRS",,0
2016,7191581,21118,3,2016,"U",,"N","F","C","2016_03_WI0410100_NIBRS",,0
2016,7214365,21118,4,2016,"U",,"N","F","C","2016_04_WI0410100_NIBRS",,0
2016,7237149,21118,5,2016,"U",,"N","F","C","2016_05_WI0410100_NIBRS",,0
2016,7259933,21118,6,2016,"U",,"N","F","C","2016_06_WI0410100_NIBRS",,0
2016,7282717,21118,7,2016,"U",,"N","F","C","2016_07_WI0410100_NIBRS",,0
2016,7305501,21118,8,2016,"U",,"N","F","C","2016_08_WI0410100_NIBRS",,0
2016,7328285,21118,9,2016,"U",,"N","F","C","2016_09_WI0410100_NIBRS",,0
2016,7351069,21118,10,2016,"U",,"N","F","C","2016_10_WI0410100_NIBRS",,0
2016,7373853,21118,11,2016,"U",,"N","F","C","2016_11_WI0410100_NIBRS",,0
2016,7396637,21118,12,2016,"U",,"N","F","C","2016_12_WI0410100_NIBRS",,0
2016,7145947,21052,1,2016,"I",,"Y","F","C","2016_01_WI0280700_NIBRS",9887554,0
2016,7168731,21052,2,2016,"I",,"Y","F","C","2016_02_WI0280700_NIBRS",6588127,0
2016,7191515,21052,3,2016,"I",,"Y","F","C","2016_03_WI0280700_NIBRS",7710305,0
2016,7214299,21052,4,2016,"I",,"Y","F","C","2016_04_WI0280700_NIBRS",7710493,0
2016,7237083,21052,5,2016,"I",,"Y","F","C","2016_05_WI0280700_NIBRS",7710331,0
2016,7259867,21052,6,2016,"I",,"Y","F","C","2016_06_WI0280700_NIBRS",7710348,0
2016,7282651,21052,7,2016,"I",,"Y","F","C","2016_07_WI0280700_NIBRS",7710531,0
2016,7305435,21052,8,2016,"I",,"Y","F","C","2016_08_WI0280700_NIBRS",7710571,0
2016,7328219,21052,9,2016,"I",,"Y","F","C","2016_09_WI0280700_NIBRS",3735698,0
2016,7351003,21052,10,2016,"I",,"Y","F","C","2016_10_WI0280700_NIBRS",3735639,0
2016,7373787,21052,11,2016,"I",,"Y","F","C","2016_11_WI0280700_NIBRS",7710371,0
2016,7396571,21052,12,2016,"I",,"Y","F","C","2016_12_WI0280700_NIBRS",6588206,0
2016,7145832,20937,1,2016,"U",,"N","F","C","2016_01_WI0090200_NIBRS",,0
2016,7168616,20937,2,2016,"U",,"N","F","C","2016_02_WI0090200_NIBRS",,0
2016,7191400,20937,3,2016,"U",,"N","F","C","2016_03_WI0090200_NIBRS",,0
2016,7214184,20937,4,2016,"U",,"N","F","C","2016_04_WI0090200_NIBRS",,0
2016,7236968,20937,5,2016,"U",,"N","F","C","2016_05_WI0090200_NIBRS",,0
2016,7259752,20937,6,2016,"U",,"N","F","C","2016_06_WI0090200_NIBRS",,0
2016,7282536,20937,7,2016,"U",,"N","F","C","2016_07_WI0090200_NIBRS",,0
2016,7305320,20937,8,2016,"U",,"N","F","C","2016_08_WI0090200_NIBRS",,0
2016,7328104,20937,9,2016,"U",,"N","F","C","2016_09_WI0090200_NIBRS",,0
2016,7350888,20937,10,2016,"U",,"N","F","C","2016_10_WI0090200_NIBRS",,0
2016,7373672,20937,11,2016,"U",,"N","F","C","2016_11_WI0090200_NIBRS",,0
2016,7396456,20937,12,2016,"U",,"N","F","C","2016_12_WI0090200_NIBRS",,0
2016,7146003,21108,1,2016,"U",,"N","F","C","2016_01_WI0380300_NIBRS",,0
2016,7168787,21108,2,2016,"U",,"N","F","C","2016_02_WI0380300_NIBRS",,0
2016,7191571,21108,3,2016,"U",,"N","F","C","2016_03_WI0380300_NIBRS",,0
2016,7214355,21108,4,2016,"U",,"N","F","C","2016_04_WI0380300_NIBRS",,0
2016,7237139,21108,5,2016,"U",,"N","F","C","2016_05_WI0380300_NIBRS",,0
2016,7259923,21108,6,2016,"U",,"N","F","C","2016_06_WI0380300_NIBRS",,0
2016,7282707,21108,7,2016,"U",,"N","F","C","2016_07_WI0380300_NIBRS",,0
2016,7305491,21108,8,2016,"U",,"N","F","C","2016_08_WI0380300_NIBRS",,0
2016,7328275,21108,9,2016,"U",,"N","F","C","2016_09_WI0380300_NIBRS",,0
2016,7351059,21108,10,2016,"U",,"N","F","C","2016_10_WI0380300_NIBRS",,0
2016,7373843,21108,11,2016,"U",,"N","F","C","2016_11_WI0380300_NIBRS",,0
2016,7396627,21108,12,2016,"U",,"N","F","C","2016_12_WI0380300_NIBRS",,0
2016,7146114,21219,1,2016,"U",,"N","F","C","2016_01_WI0560700_NIBRS",,0
2016,7168898,21219,2,2016,"U",,"N","F","C","2016_02_WI0560700_NIBRS",,0
2016,7191682,21219,3,2016,"U",,"N","F","C","2016_03_WI0560700_NIBRS",,0
2016,7214466,21219,4,2016,"U",,"N","F","C","2016_04_WI0560700_NIBRS",,0
2016,7237250,21219,5,2016,"U",,"N","F","C","2016_05_WI0560700_NIBRS",,0
2016,7260034,21219,6,2016,"U",,"N","F","C","2016_06_WI0560700_NIBRS",,0
2016,7282818,21219,7,2016,"U",,"N","F","C","2016_07_WI0560700_NIBRS",,0
2016,7305602,21219,8,2016,"U",,"N","F","C","2016_08_WI0560700_NIBRS",,0
2016,7328386,21219,9,2016,"U",,"N","F","C","2016_09_WI0560700_NIBRS",,0
2016,7351170,21219,10,2016,"U",,"N","F","C","2016_10_WI0560700_NIBRS",,0
2016,7373954,21219,11,2016,"U",,"N","F","C","2016_11_WI0560700_NIBRS",,0
2016,7396738,21219,12,2016,"U",,"N","F","C","2016_12_WI0560700_NIBRS",,0
2016,7145985,21090,1,2016,"U",,"N","F","C","2016_01_WI0360500_NIBRS",,0
2016,7168769,21090,2,2016,"U",,"N","F","C","2016_02_WI0360500_NIBRS",,0
2016,7191553,21090,3,2016,"U",,"N","F","C","2016_03_WI0360500_NIBRS",,0
2016,7214337,21090,4,2016,"U",,"N","F","C","2016_04_WI0360500_NIBRS",,0
2016,7237121,21090,5,2016,"U",,"N","F","C","2016_05_WI0360500_NIBRS",,0
2016,7259905,21090,6,2016,"U",,"N","F","C","2016_06_WI0360500_NIBRS",,0
2016,7282689,21090,7,2016,"U",,"N","F","C","2016_07_WI0360500_NIBRS",,0
2016,7305473,21090,8,2016,"U",,"N","F","C","2016_08_WI0360500_NIBRS",,0
2016,7328257,21090,9,2016,"U",,"N","F","C","2016_09_WI0360500_NIBRS",,0
2016,7351041,21090,10,2016,"U",,"N","F","C","2016_10_WI0360500_NIBRS",,0
2016,7373825,21090,11,2016,"U",,"N","F","C","2016_11_WI0360500_NIBRS",,0
2016,7396609,21090,12,2016,"U",,"N","F","C","2016_12_WI0360500_NIBRS",,0
2016,7145804,20909,1,2016,"U",,"N","F","C","2016_01_WI0030200_NIBRS",,0
2016,7168588,20909,2,2016,"U",,"N","F","C","2016_02_WI0030200_NIBRS",,0
2016,7191372,20909,3,2016,"U",,"N","F","C","2016_03_WI0030200_NIBRS",,0
2016,7214156,20909,4,2016,"U",,"N","F","C","2016_04_WI0030200_NIBRS",,0
2016,7236940,20909,5,2016,"U",,"N","F","C","2016_05_WI0030200_NIBRS",,0
2016,7259724,20909,6,2016,"U",,"N","F","C","2016_06_WI0030200_NIBRS",,0
2016,7282508,20909,7,2016,"U",,"N","F","C","2016_07_WI0030200_NIBRS",,0
2016,7305292,20909,8,2016,"U",,"N","F","C","2016_08_WI0030200_NIBRS",,0
2016,7328076,20909,9,2016,"U",,"N","F","C","2016_09_WI0030200_NIBRS",,0
2016,7350860,20909,10,2016,"U",,"N","F","C","2016_10_WI0030200_NIBRS",,0
2016,7373644,20909,11,2016,"U",,"N","F","C","2016_11_WI0030200_NIBRS",,0
2016,7396428,20909,12,2016,"U",,"N","F","C","2016_12_WI0030200_NIBRS",,0
2016,7146054,21159,1,2016,"U",,"N","F","C","2016_01_WI0450700_NIBRS",,0
2016,7168838,21159,2,2016,"U",,"N","F","C","2016_02_WI0450700_NIBRS",,0
2016,7191622,21159,3,2016,"U",,"N","F","C","2016_03_WI0450700_NIBRS",,0
2016,7214406,21159,4,2016,"U",,"N","F","C","2016_04_WI0450700_NIBRS",,0
2016,7237190,21159,5,2016,"U",,"N","F","C","2016_05_WI0450700_NIBRS",,0
2016,7259974,21159,6,2016,"U",,"N","F","C","2016_06_WI0450700_NIBRS",,0
2016,7282758,21159,7,2016,"U",,"N","F","C","2016_07_WI0450700_NIBRS",,0
2016,7305542,21159,8,2016,"U",,"N","F","C","2016_08_WI0450700_NIBRS",,0
2016,7328326,21159,9,2016,"U",,"N","F","C","2016_09_WI0450700_NIBRS",,0
2016,7351110,21159,10,2016,"U",,"N","F","C","2016_10_WI0450700_NIBRS",,0
2016,7373894,21159,11,2016,"U",,"N","F","C","2016_11_WI0450700_NIBRS",,0
2016,7396678,21159,12,2016,"U",,"N","F","C","2016_12_WI0450700_NIBRS",,0
2016,7146052,21157,1,2016,"I",,"N","F","C","2016_01_WI0450500_NIBRS",,0
2016,7168836,21157,2,2016,"I",,"Y","F","C","2016_02_WI0450500_NIBRS",7729324,0
2016,7191620,21157,3,2016,"I",,"Y","F","C","2016_03_WI0450500_NIBRS",2367761,0
2016,7214404,21157,4,2016,"I",,"N","F","C","2016_04_WI0450500_NIBRS",,0
2016,7237188,21157,5,2016,"I",,"Y","F","C","2016_05_WI0450500_NIBRS",4972491,0
2016,7259972,21157,6,2016,"I",,"N","F","C","2016_06_WI0450500_NIBRS",,0
2016,7282756,21157,7,2016,"I",,"Y","F","C","2016_07_WI0450500_NIBRS",15755229,0
2016,7305540,21157,8,2016,"I",,"N","F","C","2016_08_WI0450500_NIBRS",,0
2016,7328324,21157,9,2016,"I",,"Y","F","C","2016_09_WI0450500_NIBRS",3758875,0
2016,7351108,21157,10,2016,"I",,"Y","F","C","2016_10_WI0450500_NIBRS",6626620,0
2016,7373892,21157,11,2016,"I",,"Y","F","C","2016_11_WI0450500_NIBRS",6626650,0
2016,7396676,21157,12,2016,"I",,"Y","F","C","2016_12_WI0450500_NIBRS",6626661,0
2016,7145916,21021,1,2016,"I",,"Y","F","C","2016_01_WI0220400_NIBRS",9872758,0
2016,7168700,21021,2,2016,"I",,"N","F","C","2016_02_WI0220400_NIBRS",,0
2016,7191484,21021,3,2016,"I",,"Y","F","C","2016_03_WI0220400_NIBRS",9872796,0
2016,7214268,21021,4,2016,"I",,"Y","F","C","2016_04_WI0220400_NIBRS",9872876,0
2016,7237052,21021,5,2016,"I",,"Y","F","C","2016_05_WI0220400_NIBRS",9872924,0
2016,7259836,21021,6,2016,"I",,"Y","F","C","2016_06_WI0220400_NIBRS",9872967,0
2016,7282620,21021,7,2016,"I",,"Y","F","C","2016_07_WI0220400_NIBRS",9873004,0
2016,7305404,21021,8,2016,"I",,"Y","F","C","2016_08_WI0220400_NIBRS",9873086,0
2016,7328188,21021,9,2016,"I",,"Y","F","C","2016_09_WI0220400_NIBRS",8582344,0
2016,7350972,21021,10,2016,"I",,"Y","F","C","2016_10_WI0220400_NIBRS",9873144,0
2016,7373756,21021,11,2016,"I",,"Y","F","C","2016_11_WI0220400_NIBRS",8582461,0
2016,7396540,21021,12,2016,"I",,"Y","F","C","2016_12_WI0220400_NIBRS",8582522,0
2016,7145828,20933,1,2016,"I",,"N","F","C","2016_01_WI0080200_NIBRS",,0
2016,7168612,20933,2,2016,"I",,"Y","F","C","2016_02_WI0080200_NIBRS",3671849,0
2016,7191396,20933,3,2016,"I",,"Y","F","C","2016_03_WI0080200_NIBRS",6519481,0
2016,7214180,20933,4,2016,"I",,"Y","F","C","2016_04_WI0080200_NIBRS",9849916,0
2016,7236964,20933,5,2016,"I",,"Y","F","C","2016_05_WI0080200_NIBRS",9849954,0
2016,7259748,20933,6,2016,"I",,"Y","F","C","2016_06_WI0080200_NIBRS",9850007,0
2016,7282532,20933,7,2016,"I",,"Y","F","C","2016_07_WI0080200_NIBRS",6519611,0
2016,7305316,20933,8,2016,"I",,"Y","F","C","2016_08_WI0080200_NIBRS",6519673,0
2016,7328100,20933,9,2016,"I",,"Y","F","C","2016_09_WI0080200_NIBRS",15687792,0
2016,7350884,20933,10,2016,"I",,"Y","F","C","2016_10_WI0080200_NIBRS",6906238,0
2016,7373668,20933,11,2016,"I",,"Y","F","C","2016_11_WI0080200_NIBRS",15687819,0
2016,7396452,20933,12,2016,"I",,"Y","F","C","2016_12_WI0080200_NIBRS",6519702,0
2016,7145879,20984,1,2016,"U",,"N","F","C","2016_01_WI0140300_NIBRS",,0
2016,7168663,20984,2,2016,"U",,"N","F","C","2016_02_WI0140300_NIBRS",,0
2016,7191447,20984,3,2016,"U",,"N","F","C","2016_03_WI0140300_NIBRS",,0
2016,7214231,20984,4,2016,"U",,"N","F","C","2016_04_WI0140300_NIBRS",,0
2016,7237015,20984,5,2016,"U",,"N","F","C","2016_05_WI0140300_NIBRS",,0
2016,7259799,20984,6,2016,"U",,"N","F","C","2016_06_WI0140300_NIBRS",,0
2016,7282583,20984,7,2016,"U",,"N","F","C","2016_07_WI0140300_NIBRS",,0
2016,7305367,20984,8,2016,"U",,"N","F","C","2016_08_WI0140300_NIBRS",,0
2016,7328151,20984,9,2016,"U",,"N","F","C","2016_09_WI0140300_NIBRS",,0
2016,7350935,20984,10,2016,"U",,"N","F","C","2016_10_WI0140300_NIBRS",,0
2016,7373719,20984,11,2016,"U",,"N","F","C","2016_11_WI0140300_NIBRS",,0
2016,7396503,20984,12,2016,"U",,"N","F","C","2016_12_WI0140300_NIBRS",,0
2016,7145923,21028,1,2016,"U",,"N","F","C","2016_01_WI0230200_NIBRS",,0
2016,7168707,21028,2,2016,"U",,"N","F","C","2016_02_WI0230200_NIBRS",,0
2016,7191491,21028,3,2016,"U",,"N","F","C","2016_03_WI0230200_NIBRS",,0
2016,7214275,21028,4,2016,"U",,"N","F","C","2016_04_WI0230200_NIBRS",,0
2016,7237059,21028,5,2016,"U",,"N","F","C","2016_05_WI0230200_NIBRS",,0
2016,7259843,21028,6,2016,"U",,"N","F","C","2016_06_WI0230200_NIBRS",,0
2016,7282627,21028,7,2016,"U",,"N","F","C","2016_07_WI0230200_NIBRS",,0
2016,7305411,21028,8,2016,"U",,"N","F","C","2016_08_WI0230200_NIBRS",,0
2016,7328195,21028,9,2016,"U",,"N","F","C","2016_09_WI0230200_NIBRS",,0
2016,7350979,21028,10,2016,"U",,"N","F","C","2016_10_WI0230200_NIBRS",,0
2016,7214259,21012,4,2016,"U",,"N","F","C","2016_04_WI0200300_NIBRS",,0
2016,7237043,21012,5,2016,"U",,"N","F","C","2016_05_WI0200300_NIBRS",,0
2016,7259827,21012,6,2016,"U",,"N","F","C","2016_06_WI0200300_NIBRS",,0
2016,7145846,20951,1,2016,"U",,"N","F","C","2016_01_WI0111100_NIBRS",,0
2016,7168630,20951,2,2016,"U",,"N","F","C","2016_02_WI0111100_NIBRS",,0
2016,7191414,20951,3,2016,"U",,"N","F","C","2016_03_WI0111100_NIBRS",,0
2016,7214198,20951,4,2016,"U",,"N","F","C","2016_04_WI0111100_NIBRS",,0
2016,7236982,20951,5,2016,"U",,"N","F","C","2016_05_WI0111100_NIBRS",,0
2016,7259766,20951,6,2016,"U",,"N","F","C","2016_06_WI0111100_NIBRS",,0
2016,7282550,20951,7,2016,"U",,"N","F","C","2016_07_WI0111100_NIBRS",,0
2016,7305334,20951,8,2016,"U",,"N","F","C","2016_08_WI0111100_NIBRS",,0
2016,7328118,20951,9,2016,"U",,"N","F","C","2016_09_WI0111100_NIBRS",,0
2016,7350902,20951,10,2016,"U",,"N","F","C","2016_10_WI0111100_NIBRS",,0
2016,7373686,20951,11,2016,"U",,"N","F","C","2016_11_WI0111100_NIBRS",,0
2016,7396470,20951,12,2016,"U",,"N","F","C","2016_12_WI0111100_NIBRS",,0
2016,7145912,21017,1,2016,"U",,"N","F","C","2016_01_WI0210100_NIBRS",,0
2016,7168696,21017,2,2016,"U",,"N","F","C","2016_02_WI0210100_NIBRS",,0
2016,7191480,21017,3,2016,"U",,"N","F","C","2016_03_WI0210100_NIBRS",,0
2016,7214264,21017,4,2016,"U",,"N","F","C","2016_04_WI0210100_NIBRS",,0
2016,7237048,21017,5,2016,"U",,"N","F","C","2016_05_WI0210100_NIBRS",,0
2016,7259832,21017,6,2016,"U",,"N","F","C","2016_06_WI0210100_NIBRS",,0
2016,7282616,21017,7,2016,"U",,"N","F","C","2016_07_WI0210100_NIBRS",,0
2016,7305400,21017,8,2016,"U",,"N","F","C","2016_08_WI0210100_NIBRS",,0
2016,7328184,21017,9,2016,"U",,"N","F","C","2016_09_WI0210100_NIBRS",,0
2016,7350968,21017,10,2016,"U",,"N","F","C","2016_10_WI0210100_NIBRS",,0
2016,7373752,21017,11,2016,"U",,"N","F","C","2016_11_WI0210100_NIBRS",,0
2016,7396536,21017,12,2016,"U",,"N","F","C","2016_12_WI0210100_NIBRS",,0
2016,7146208,21313,1,2016,"U",,"N","F","C","2016_01_WI0700500_NIBRS",,0
2016,7168992,21313,2,2016,"U",,"N","F","C","2016_02_WI0700500_NIBRS",,0
2016,7191776,21313,3,2016,"U",,"N","F","C","2016_03_WI0700500_NIBRS",,0
2016,7214560,21313,4,2016,"U",,"N","F","C","2016_04_WI0700500_NIBRS",,0
2016,7237344,21313,5,2016,"U",,"N","F","C","2016_05_WI0700500_NIBRS",,0
2016,7260128,21313,6,2016,"U",,"N","F","C","2016_06_WI0700500_NIBRS",,0
2016,7282912,21313,7,2016,"U",,"N","F","C","2016_07_WI0700500_NIBRS",,0
2016,7305696,21313,8,2016,"U",,"N","F","C","2016_08_WI0700500_NIBRS",,0
2016,7328480,21313,9,2016,"U",,"N","F","C","2016_09_WI0700500_NIBRS",,0
2016,7351264,21313,10,2016,"U",,"N","F","C","2016_10_WI0700500_NIBRS",,0
2016,7374048,21313,11,2016,"U",,"N","F","C","2016_11_WI0700500_NIBRS",,0
2016,7396832,21313,12,2016,"U",,"N","F","C","2016_12_WI0700500_NIBRS",,0
2016,7146188,21293,1,2016,"U",,"N","F","C","2016_01_WI0680900_NIBRS",,0
2016,7168972,21293,2,2016,"U",,"N","F","C","2016_02_WI0680900_NIBRS",,0
2016,7191756,21293,3,2016,"U",,"N","F","C","2016_03_WI0680900_NIBRS",,0
2016,7214540,21293,4,2016,"U",,"N","F","C","2016_04_WI0680900_NIBRS",,0
2016,7237324,21293,5,2016,"U",,"N","F","C","2016_05_WI0680900_NIBRS",,0
2016,7260108,21293,6,2016,"U",,"N","F","C","2016_06_WI0680900_NIBRS",,0
2016,7282892,21293,7,2016,"U",,"N","F","C","2016_07_WI0680900_NIBRS",,0
2016,7145925,21030,1,2016,"U",,"N","F","C","2016_01_WI0230600_NIBRS",,0
2016,7168709,21030,2,2016,"U",,"N","F","C","2016_02_WI0230600_NIBRS",,0
2016,7191493,21030,3,2016,"U",,"N","F","C","2016_03_WI0230600_NIBRS",,0
2016,7214277,21030,4,2016,"U",,"N","F","C","2016_04_WI0230600_NIBRS",,0
2016,7237061,21030,5,2016,"U",,"N","F","C","2016_05_WI0230600_NIBRS",,0
2016,7259845,21030,6,2016,"U",,"N","F","C","2016_06_WI0230600_NIBRS",,0
2016,7282629,21030,7,2016,"U",,"N","F","C","2016_07_WI0230600_NIBRS",,0
2016,7305413,21030,8,2016,"U",,"N","F","C","2016_08_WI0230600_NIBRS",,0
2016,7328197,21030,9,2016,"U",,"N","F","C","2016_09_WI0230600_NIBRS",,0
2016,7350981,21030,10,2016,"U",,"N","F","C","2016_10_WI0230600_NIBRS",,0
2016,7373765,21030,11,2016,"U",,"N","F","C","2016_11_WI0230600_NIBRS",,0
2016,7396549,21030,12,2016,"U",,"N","F","C","2016_12_WI0230600_NIBRS",,0
2016,7146199,21304,1,2016,"U",,"N","F","C","2016_01_WI0683000_NIBRS",,0
2016,7168983,21304,2,2016,"U",,"N","F","C","2016_02_WI0683000_NIBRS",,0
2016,7191767,21304,3,2016,"U",,"N","F","C","2016_03_WI0683000_NIBRS",,0
2016,7214551,21304,4,2016,"U",,"N","F","C","2016_04_WI0683000_NIBRS",,0
2016,7237335,21304,5,2016,"U",,"N","F","C","2016_05_WI0683000_NIBRS",,0
2016,7260119,21304,6,2016,"U",,"N","F","C","2016_06_WI0683000_NIBRS",,0
2016,7282903,21304,7,2016,"U",,"N","F","C","2016_07_WI0683000_NIBRS",,0
2016,7305687,21304,8,2016,"U",,"N","F","C","2016_08_WI0683000_NIBRS",,0
2016,7328471,21304,9,2016,"U",,"N","F","C","2016_09_WI0683000_NIBRS",,0
2016,7351255,21304,10,2016,"U",,"N","F","C","2016_10_WI0683000_NIBRS",,0
2016,7374039,21304,11,2016,"U",,"N","F","C","2016_11_WI0683000_NIBRS",,0
2016,7396823,21304,12,2016,"U",,"N","F","C","2016_12_WI0683000_NIBRS",,0
2016,7146077,21182,1,2016,"U",,"N","F","C","2016_01_WI0490200_NIBRS",,0
2016,7168861,21182,2,2016,"U",,"N","F","C","2016_02_WI0490200_NIBRS",,0
2016,7191645,21182,3,2016,"U",,"N","F","C","2016_03_WI0490200_NIBRS",,0
2016,7214429,21182,4,2016,"U",,"N","F","C","2016_04_WI0490200_NIBRS",,0
2016,7237213,21182,5,2016,"U",,"N","F","C","2016_05_WI0490200_NIBRS",,0
2016,7259997,21182,6,2016,"U",,"N","F","C","2016_06_WI0490200_NIBRS",,0
2016,7282781,21182,7,2016,"U",,"N","F","C","2016_07_WI0490200_NIBRS",,0
2016,7305565,21182,8,2016,"U",,"N","F","C","2016_08_WI0490200_NIBRS",,0
2016,7328349,21182,9,2016,"U",,"N","F","C","2016_09_WI0490200_NIBRS",,0
2016,7351133,21182,10,2016,"U",,"N","F","C","2016_10_WI0490200_NIBRS",,0
2016,7373917,21182,11,2016,"U",,"N","F","C","2016_11_WI0490200_NIBRS",,0
2016,7396701,21182,12,2016,"U",,"N","F","C","2016_12_WI0490200_NIBRS",,0
2016,7146161,21266,1,2016,"U",,"N","F","C","2016_01_WI0650800_NIBRS",,0
2016,7168945,21266,2,2016,"U",,"N","F","C","2016_02_WI0650800_NIBRS",,0
2016,7191729,21266,3,2016,"U",,"N","F","C","2016_03_WI0650800_NIBRS",,0
2016,7214513,21266,4,2016,"U",,"N","F","C","2016_04_WI0650800_NIBRS",,0
2016,7237297,21266,5,2016,"U",,"N","F","C","2016_05_WI0650800_NIBRS",,0
2016,7260081,21266,6,2016,"U",,"N","F","C","2016_06_WI0650800_NIBRS",,0
2016,7282865,21266,7,2016,"U",,"N","F","C","2016_07_WI0650800_NIBRS",,0
2016,7146120,21225,1,2016,"U",,"N","F","C","2016_01_WI0570400_NIBRS",,0
2016,7168904,21225,2,2016,"U",,"N","F","C","2016_02_WI0570400_NIBRS",,0
2016,7191688,21225,3,2016,"U",,"N","F","C","2016_03_WI0570400_NIBRS",,0
2016,7214472,21225,4,2016,"U",,"N","F","C","2016_04_WI0570400_NIBRS",,0
2016,7237256,21225,5,2016,"U",,"N","F","C","2016_05_WI0570400_NIBRS",,0
2016,7260040,21225,6,2016,"U",,"N","F","C","2016_06_WI0570400_NIBRS",,0
2016,7282824,21225,7,2016,"U",,"N","F","C","2016_07_WI0570400_NIBRS",,0
2016,7145937,21042,1,2016,"U",,"N","F","C","2016_01_WI0260100_NIBRS",,0
2016,7168721,21042,2,2016,"U",,"N","F","C","2016_02_WI0260100_NIBRS",,0
2016,7191505,21042,3,2016,"U",,"N","F","C","2016_03_WI0260100_NIBRS",,0
2016,7214289,21042,4,2016,"U",,"N","F","C","2016_04_WI0260100_NIBRS",,0
2016,7237073,21042,5,2016,"U",,"N","F","C","2016_05_WI0260100_NIBRS",,0
2016,7259857,21042,6,2016,"U",,"N","F","C","2016_06_WI0260100_NIBRS",,0
2016,7282641,21042,7,2016,"U",,"N","F","C","2016_07_WI0260100_NIBRS",,0
2016,7305425,21042,8,2016,"U",,"N","F","C","2016_08_WI0260100_NIBRS",,0
2016,7328209,21042,9,2016,"U",,"N","F","C","2016_09_WI0260100_NIBRS",,0
2016,7350993,21042,10,2016,"U",,"N","F","C","2016_10_WI0260100_NIBRS",,0
2016,7373777,21042,11,2016,"U",,"N","F","C","2016_11_WI0260100_NIBRS",,0
2016,7396561,21042,12,2016,"U",,"N","F","C","2016_12_WI0260100_NIBRS",,0
2016,7145869,20974,1,2016,"U",,"N","F","C","2016_01_WI0137200_NIBRS",,0
2016,7168653,20974,2,2016,"U",,"N","F","C","2016_02_WI0137200_NIBRS",,0
2016,7191437,20974,3,2016,"U",,"N","F","C","2016_03_WI0137200_NIBRS",,0
2016,7146140,21245,1,2016,"U",,"N","F","C","2016_01_WI0620700_NIBRS",,0
2016,7168924,21245,2,2016,"U",,"N","F","C","2016_02_WI0620700_NIBRS",,0
2016,7191708,21245,3,2016,"U",,"N","F","C","2016_03_WI0620700_NIBRS",,0
2016,7214492,21245,4,2016,"U",,"N","F","C","2016_04_WI0620700_NIBRS",,0
2016,7237276,21245,5,2016,"U",,"N","F","C","2016_05_WI0620700_NIBRS",,0
2016,7260060,21245,6,2016,"U",,"N","F","C","2016_06_WI0620700_NIBRS",,0
2016,7282844,21245,7,2016,"U",,"N","F","C","2016_07_WI0620700_NIBRS",,0
2016,7305628,21245,8,2016,"U",,"N","F","C","2016_08_WI0620700_NIBRS",,0
2016,7328412,21245,9,2016,"U",,"N","F","C","2016_09_WI0620700_NIBRS",,0
2016,7351196,21245,10,2016,"U",,"N","F","C","2016_10_WI0620700_NIBRS",,0
2016,7373980,21245,11,2016,"U",,"N","F","C","2016_11_WI0620700_NIBRS",,0
2016,7396764,21245,12,2016,"U",,"N","F","C","2016_12_WI0620700_NIBRS",,0
2016,7146164,21269,1,2016,"U",,"N","F","C","2016_01_WI0651100_NIBRS",,0
2016,7168948,21269,2,2016,"U",,"N","F","C","2016_02_WI0651100_NIBRS",,0
2016,7191732,21269,3,2016,"U",,"N","F","C","2016_03_WI0651100_NIBRS",,0
2016,7214516,21269,4,2016,"U",,"N","F","C","2016_04_WI0651100_NIBRS",,0
2016,7237300,21269,5,2016,"U",,"N","F","C","2016_05_WI0651100_NIBRS",,0
2016,7260084,21269,6,2016,"U",,"N","F","C","2016_06_WI0651100_NIBRS",,0
2016,7282868,21269,7,2016,"U",,"N","F","C","2016_07_WI0651100_NIBRS",,0
2016,7305652,21269,8,2016,"U",,"N","F","C","2016_08_WI0651100_NIBRS",,0
2016,7328436,21269,9,2016,"U",,"N","F","C","2016_09_WI0651100_NIBRS",,0
2016,7351220,21269,10,2016,"U",,"N","F","C","2016_10_WI0651100_NIBRS",,0
2016,7374004,21269,11,2016,"U",,"N","F","C","2016_11_WI0651100_NIBRS",,0
2016,7396788,21269,12,2016,"U",,"N","F","C","2016_12_WI0651100_NIBRS",,0
2016,7146143,21248,1,2016,"U",,"N","F","C","2016_01_WI0621000_NIBRS",,0
2016,7168927,21248,2,2016,"U",,"N","F","C","2016_02_WI0621000_NIBRS",,0
2016,7191711,21248,3,2016,"U",,"N","F","C","2016_03_WI0621000_NIBRS",,0
2016,7214495,21248,4,2016,"U",,"N","F","C","2016_04_WI0621000_NIBRS",,0
2016,7237279,21248,5,2016,"U",,"N","F","C","2016_05_WI0621000_NIBRS",,0
2016,7260063,21248,6,2016,"U",,"N","F","C","2016_06_WI0621000_NIBRS",,0
2016,7282847,21248,7,2016,"U",,"N","F","C","2016_07_WI0621000_NIBRS",,0
2016,7305631,21248,8,2016,"U",,"N","F","C","2016_08_WI0621000_NIBRS",,0
2016,7328415,21248,9,2016,"U",,"N","F","C","2016_09_WI0621000_NIBRS",,0
2016,7351199,21248,10,2016,"U",,"N","F","C","2016_10_WI0621000_NIBRS",,0
2016,7373983,21248,11,2016,"U",,"N","F","C","2016_11_WI0621000_NIBRS",,0
2016,7396767,21248,12,2016,"U",,"N","F","C","2016_12_WI0621000_NIBRS",,0
2016,7145994,21099,1,2016,"I",,"Y","F","C","2016_01_WI0370600_NIBRS",2353020,0
2016,7168778,21099,2,2016,"I",,"Y","F","C","2016_02_WI0370600_NIBRS",2353151,0
2016,7191562,21099,3,2016,"I",,"Y","F","C","2016_03_WI0370600_NIBRS",2353186,0
2016,7214346,21099,4,2016,"I",,"Y","F","C","2016_04_WI0370600_NIBRS",9895349,0
2016,7237130,21099,5,2016,"I",,"Y","F","C","2016_05_WI0370600_NIBRS",2353550,0
2016,7259914,21099,6,2016,"I",,"Y","F","C","2016_06_WI0370600_NIBRS",2353250,0
2016,7282698,21099,7,2016,"I",,"Y","F","C","2016_07_WI0370600_NIBRS",2353278,0
2016,7305482,21099,8,2016,"I",,"Y","F","C","2016_08_WI0370600_NIBRS",2353316,0
2016,7328266,21099,9,2016,"Z",,"N","F","C","2016_09_WI0370600_NIBRS",4890104,0
2016,7351050,21099,10,2016,"I",,"Y","F","C","2016_10_WI0370600_NIBRS",7712324,0
2016,7373834,21099,11,2016,"I",,"Y","F","C","2016_11_WI0370600_NIBRS",9895453,0
2016,7396618,21099,12,2016,"I",,"Y","F","C","2016_12_WI0370600_NIBRS",9895484,0
2016,7146136,21241,1,2016,"U",,"N","F","C","2016_01_WI0620100_NIBRS",,0
2016,7168920,21241,2,2016,"U",,"N","F","C","2016_02_WI0620100_NIBRS",,0
2016,7191704,21241,3,2016,"U",,"N","F","C","2016_03_WI0620100_NIBRS",,0
2016,7214488,21241,4,2016,"U",,"N","F","C","2016_04_WI0620100_NIBRS",,0
2016,7237272,21241,5,2016,"U",,"N","F","C","2016_05_WI0620100_NIBRS",,0
2016,7260056,21241,6,2016,"U",,"N","F","C","2016_06_WI0620100_NIBRS",,0
2016,7282840,21241,7,2016,"U",,"N","F","C","2016_07_WI0620100_NIBRS",,0
2016,7305624,21241,8,2016,"U",,"N","F","C","2016_08_WI0620100_NIBRS",,0
2016,7328408,21241,9,2016,"U",,"N","F","C","2016_09_WI0620100_NIBRS",,0
2016,7351192,21241,10,2016,"U",,"N","F","C","2016_10_WI0620100_NIBRS",,0
2016,7373976,21241,11,2016,"U",,"N","F","C","2016_11_WI0620100_NIBRS",,0
2016,7396760,21241,12,2016,"U",,"N","F","C","2016_12_WI0620100_NIBRS",,0
2016,7145843,20948,1,2016,"U",,"N","F","C","2016_01_WI0110600_NIBRS",,0
2016,7168627,20948,2,2016,"U",,"N","F","C","2016_02_WI0110600_NIBRS",,0
2016,7191411,20948,3,2016,"U",,"N","F","C","2016_03_WI0110600_NIBRS",,0
2016,7214195,20948,4,2016,"U",,"N","F","C","2016_04_WI0110600_NIBRS",,0
2016,7236979,20948,5,2016,"U",,"N","F","C","2016_05_WI0110600_NIBRS",,0
2016,7259763,20948,6,2016,"U",,"N","F","C","2016_06_WI0110600_NIBRS",,0
2016,7282547,20948,7,2016,"U",,"N","F","C","2016_07_WI0110600_NIBRS",,0
2016,7305331,20948,8,2016,"U",,"N","F","C","2016_08_WI0110600_NIBRS",,0
2016,7328115,20948,9,2016,"U",,"N","F","C","2016_09_WI0110600_NIBRS",,0
2016,7350899,20948,10,2016,"U",,"N","F","C","2016_10_WI0110600_NIBRS",,0
2016,7373683,20948,11,2016,"U",,"N","F","C","2016_11_WI0110600_NIBRS",,0
2016,7396467,20948,12,2016,"U",,"N","F","C","2016_12_WI0110600_NIBRS",,0
2016,7147556,26060,1,2016,"U",,"N","F","C","2016_01_WI0620500_NIBRS",,0
2016,7170340,26060,2,2016,"U",,"N","F","C","2016_02_WI0620500_NIBRS",,0
2016,7193124,26060,3,2016,"U",,"N","F","C","2016_03_WI0620500_NIBRS",,0
2016,7215908,26060,4,2016,"U",,"N","F","C","2016_04_WI0620500_NIBRS",,0
2016,7238692,26060,5,2016,"U",,"N","F","C","2016_05_WI0620500_NIBRS",,0
2016,7261476,26060,6,2016,"U",,"N","F","C","2016_06_WI0620500_NIBRS",,0
2016,7284260,26060,7,2016,"U",,"N","F","C","2016_07_WI0620500_NIBRS",,0
2016,7307044,26060,8,2016,"U",,"N","F","C","2016_08_WI0620500_NIBRS",,0
2016,7329828,26060,9,2016,"U",,"N","F","C","2016_09_WI0620500_NIBRS",,0
2016,7352612,26060,10,2016,"U",,"N","F","C","2016_10_WI0620500_NIBRS",,0
2016,7375396,26060,11,2016,"U",,"N","F","C","2016_11_WI0620500_NIBRS",,0
2016,7398180,26060,12,2016,"U",,"N","F","C","2016_12_WI0620500_NIBRS",,0
2016,7146023,21128,1,2016,"I",,"N","F","C","2016_01_WI0411100_NIBRS",,0
2016,7168807,21128,2,2016,"I",,"N","F","C","2016_02_WI0411100_NIBRS",,0
2016,7191591,21128,3,2016,"I",,"N","F","C","2016_03_WI0411100_NIBRS",,0
2016,7214375,21128,4,2016,"I",,"N","F","C","2016_04_WI0411100_NIBRS",,0
2016,7237159,21128,5,2016,"I",,"N","F","C","2016_05_WI0411100_NIBRS",,0
2016,7259943,21128,6,2016,"I",,"N","F","C","2016_06_WI0411100_NIBRS",,0
2016,7282727,21128,7,2016,"I",,"N","F","C","2016_07_WI0411100_NIBRS",,0
2016,7305511,21128,8,2016,"I",,"N","F","C","2016_08_WI0411100_NIBRS",,0
2016,7328295,21128,9,2016,"I",,"Y","F","C","2016_09_WI0411100_NIBRS",15746910,0
2016,7351079,21128,10,2016,"I",,"N","F","C","2016_10_WI0411100_NIBRS",,0
2016,7373863,21128,11,2016,"I",,"N","F","C","2016_11_WI0411100_NIBRS",1330491,0
2016,7396647,21128,12,2016,"I",,"N","F","C","2016_12_WI0411100_NIBRS",1330557,0
2016,7145967,21072,1,2016,"I",,"Y","F","C","2016_01_WI0320500_NIBRS",2348580,0
2016,7168751,21072,2,2016,"I",,"Y","F","C","2016_02_WI0320500_NIBRS",2348688,0
2016,7191535,21072,3,2016,"I",,"Y","F","C","2016_03_WI0320500_NIBRS",6593097,0
2016,7214319,21072,4,2016,"I",,"Y","F","C","2016_04_WI0320500_NIBRS",6593241,0
2016,7237103,21072,5,2016,"I",,"Y","F","C","2016_05_WI0320500_NIBRS",2348835,0
2016,7259887,21072,6,2016,"I",,"Y","F","C","2016_06_WI0320500_NIBRS",2348902,0
2016,7282671,21072,7,2016,"I",,"Y","F","C","2016_07_WI0320500_NIBRS",6593182,0
2016,7305455,21072,8,2016,"I",,"Y","F","C","2016_08_WI0320500_NIBRS",6592965,0
2016,7328239,21072,9,2016,"I",,"Y","F","C","2016_09_WI0320500_NIBRS",6593019,0
2016,7351023,21072,10,2016,"I",,"Y","F","C","2016_10_WI0320500_NIBRS",6593141,0
2016,7373807,21072,11,2016,"I",,"Y","F","C","2016_11_WI0320500_NIBRS",2349108,0
2016,7396591,21072,12,2016,"I",,"N","F","C","2016_12_WI0320500_NIBRS",2349148,0
2016,7145900,21005,1,2016,"U",,"N","F","C","2016_01_WI0180300_NIBRS",,0
2016,7168684,21005,2,2016,"U",,"N","F","C","2016_02_WI0180300_NIBRS",,0
2016,7191468,21005,3,2016,"U",,"N","F","C","2016_03_WI0180300_NIBRS",,0
2016,7214252,21005,4,2016,"U",,"N","F","C","2016_04_WI0180300_NIBRS",,0
2016,7237036,21005,5,2016,"U",,"N","F","C","2016_05_WI0180300_NIBRS",,0
2016,7373763,21028,11,2016,"U",,"N","F","C","2016_11_WI0230200_NIBRS",,0
2016,7396547,21028,12,2016,"U",,"N","F","C","2016_12_WI0230200_NIBRS",,0
2016,7145834,20939,1,2016,"U",,"N","F","C","2016_01_WI0090400_NIBRS",,0
2016,7168618,20939,2,2016,"U",,"N","F","C","2016_02_WI0090400_NIBRS",,0
2016,7191402,20939,3,2016,"U",,"N","F","C","2016_03_WI0090400_NIBRS",,0
2016,7214186,20939,4,2016,"U",,"N","F","C","2016_04_WI0090400_NIBRS",,0
2016,7236970,20939,5,2016,"U",,"N","F","C","2016_05_WI0090400_NIBRS",,0
2016,7259754,20939,6,2016,"U",,"N","F","C","2016_06_WI0090400_NIBRS",,0
2016,7282538,20939,7,2016,"U",,"N","F","C","2016_07_WI0090400_NIBRS",,0
2016,7305322,20939,8,2016,"U",,"N","F","C","2016_08_WI0090400_NIBRS",,0
2016,7328106,20939,9,2016,"U",,"N","F","C","2016_09_WI0090400_NIBRS",,0
2016,7350890,20939,10,2016,"U",,"N","F","C","2016_10_WI0090400_NIBRS",,0
2016,7373674,20939,11,2016,"U",,"N","F","C","2016_11_WI0090400_NIBRS",,0
2016,7396458,20939,12,2016,"U",,"N","F","C","2016_12_WI0090400_NIBRS",,0
2016,7146215,21320,1,2016,"U",,"N","F","C","2016_01_WI0710600_NIBRS",,0
2016,7168999,21320,2,2016,"U",,"N","F","C","2016_02_WI0710600_NIBRS",,0
2016,7191783,21320,3,2016,"U",,"N","F","C","2016_03_WI0710600_NIBRS",,0
2016,7214567,21320,4,2016,"U",,"N","F","C","2016_04_WI0710600_NIBRS",,0
2016,7237351,21320,5,2016,"U",,"N","F","C","2016_05_WI0710600_NIBRS",,0
2016,7260135,21320,6,2016,"U",,"N","F","C","2016_06_WI0710600_NIBRS",,0
2016,7282919,21320,7,2016,"U",,"N","F","C","2016_07_WI0710600_NIBRS",,0
2016,7305703,21320,8,2016,"U",,"N","F","C","2016_08_WI0710600_NIBRS",,0
2016,7328487,21320,9,2016,"U",,"N","F","C","2016_09_WI0710600_NIBRS",,0
2016,7351271,21320,10,2016,"U",,"N","F","C","2016_10_WI0710600_NIBRS",,0
2016,7374055,21320,11,2016,"U",,"N","F","C","2016_11_WI0710600_NIBRS",,0
2016,7396839,21320,12,2016,"U",,"N","F","C","2016_12_WI0710600_NIBRS",,0
2016,7145939,21044,1,2016,"U",,"N","F","C","2016_01_WI0270100_NIBRS",,0
2016,7168723,21044,2,2016,"U",,"N","F","C","2016_02_WI0270100_NIBRS",,0
2016,7191507,21044,3,2016,"U",,"N","F","C","2016_03_WI0270100_NIBRS",,0
2016,7214291,21044,4,2016,"U",,"N","F","C","2016_04_WI0270100_NIBRS",,0
2016,7237075,21044,5,2016,"U",,"N","F","C","2016_05_WI0270100_NIBRS",,0
2016,7259859,21044,6,2016,"U",,"N","F","C","2016_06_WI0270100_NIBRS",,0
2016,7282643,21044,7,2016,"U",,"N","F","C","2016_07_WI0270100_NIBRS",,0
2016,7305427,21044,8,2016,"U",,"N","F","C","2016_08_WI0270100_NIBRS",,0
2016,7328211,21044,9,2016,"U",,"N","F","C","2016_09_WI0270100_NIBRS",,0
2016,7350995,21044,10,2016,"U",,"N","F","C","2016_10_WI0270100_NIBRS",,0
2016,7373779,21044,11,2016,"U",,"N","F","C","2016_11_WI0270100_NIBRS",,0
2016,7396563,21044,12,2016,"U",,"N","F","C","2016_12_WI0270100_NIBRS",,0
2016,7145814,20919,1,2016,"U",,"N","F","C","2016_01_WI0050300_NIBRS",,0
2016,7168598,20919,2,2016,"U",,"N","F","C","2016_02_WI0050300_NIBRS",,0
2016,7191382,20919,3,2016,"U",,"N","F","C","2016_03_WI0050300_NIBRS",,0
2016,7214166,20919,4,2016,"U",,"N","F","C","2016_04_WI0050300_NIBRS",,0
2016,7236950,20919,5,2016,"U",,"N","F","C","2016_05_WI0050300_NIBRS",,0
2016,7259734,20919,6,2016,"U",,"N","F","C","2016_06_WI0050300_NIBRS",,0
2016,7282518,20919,7,2016,"U",,"N","F","C","2016_07_WI0050300_NIBRS",,0
2016,7305302,20919,8,2016,"U",,"N","F","C","2016_08_WI0050300_NIBRS",,0
2016,7328086,20919,9,2016,"U",,"N","F","C","2016_09_WI0050300_NIBRS",,0
2016,7350870,20919,10,2016,"U",,"N","F","C","2016_10_WI0050300_NIBRS",,0
2016,7373654,20919,11,2016,"U",,"N","F","C","2016_11_WI0050300_NIBRS",,0
2016,7396438,20919,12,2016,"U",,"N","F","C","2016_12_WI0050300_NIBRS",,0
2016,7145799,20904,1,2016,"I",,"N","F","C","2016_01_WI0010200_NIBRS",,0
2016,7168583,20904,2,2016,"I",,"N","F","C","2016_02_WI0010200_NIBRS",,0
2016,7191367,20904,3,2016,"Z",,"N","F","C","2016_03_WI0010200_NIBRS",4890052,0
2016,7214151,20904,4,2016,"I",,"N","F","C","2016_04_WI0010200_NIBRS",,0
2016,7236935,20904,5,2016,"I",,"N","F","C","2016_05_WI0010200_NIBRS",,0
2016,7259719,20904,6,2016,"I",,"N","F","C","2016_06_WI0010200_NIBRS",,0
2016,7282503,20904,7,2016,"I",,"N","F","C","2016_07_WI0010200_NIBRS",,0
2016,7305287,20904,8,2016,"I",,"N","F","C","2016_08_WI0010200_NIBRS",2252830,0
2016,7328071,20904,9,2016,"I",,"N","F","C","2016_09_WI0010200_NIBRS",,0
2016,7350855,20904,10,2016,"I",,"N","F","C","2016_10_WI0010200_NIBRS",2252857,0
2016,7373639,20904,11,2016,"I",,"Y","F","C","2016_11_WI0010200_NIBRS",6501640,0
2016,7396423,20904,12,2016,"I",,"N","F","C","2016_12_WI0010200_NIBRS",2252902,0
2016,7146166,21271,1,2016,"U",,"N","F","C","2016_01_WI0651300_NIBRS",,0
2016,7168950,21271,2,2016,"U",,"N","F","C","2016_02_WI0651300_NIBRS",,0
2016,7191734,21271,3,2016,"U",,"N","F","C","2016_03_WI0651300_NIBRS",,0
2016,7214518,21271,4,2016,"U",,"N","F","C","2016_04_WI0651300_NIBRS",,0
2016,7237302,21271,5,2016,"U",,"N","F","C","2016_05_WI0651300_NIBRS",,0
2016,7260086,21271,6,2016,"U",,"N","F","C","2016_06_WI0651300_NIBRS",,0
2016,7282870,21271,7,2016,"U",,"N","F","C","2016_07_WI0651300_NIBRS",,0
2016,7305654,21271,8,2016,"U",,"N","F","C","2016_08_WI0651300_NIBRS",,0
2016,7328438,21271,9,2016,"U",,"N","F","C","2016_09_WI0651300_NIBRS",,0
2016,7351222,21271,10,2016,"U",,"N","F","C","2016_10_WI0651300_NIBRS",,0
2016,7374006,21271,11,2016,"U",,"N","F","C","2016_11_WI0651300_NIBRS",,0
2016,7396790,21271,12,2016,"U",,"N","F","C","2016_12_WI0651300_NIBRS",,0
2016,7146065,21170,1,2016,"U",,"N","F","C","2016_01_WI0460500_NIBRS",,0
2016,7168849,21170,2,2016,"U",,"N","F","C","2016_02_WI0460500_NIBRS",,0
2016,7191633,21170,3,2016,"U",,"N","F","C","2016_03_WI0460500_NIBRS",,0
2016,7214417,21170,4,2016,"U",,"N","F","C","2016_04_WI0460500_NIBRS",,0
2016,7237201,21170,5,2016,"U",,"N","F","C","2016_05_WI0460500_NIBRS",,0
2016,7259985,21170,6,2016,"U",,"N","F","C","2016_06_WI0460500_NIBRS",,0
2016,7282769,21170,7,2016,"U",,"N","F","C","2016_07_WI0460500_NIBRS",,0
2016,7305553,21170,8,2016,"U",,"N","F","C","2016_08_WI0460500_NIBRS",,0
2016,7328337,21170,9,2016,"U",,"N","F","C","2016_09_WI0460500_NIBRS",,0
2016,7351121,21170,10,2016,"U",,"N","F","C","2016_10_WI0460500_NIBRS",,0
2016,7373905,21170,11,2016,"U",,"N","F","C","2016_11_WI0460500_NIBRS",,0
2016,7396689,21170,12,2016,"U",,"N","F","C","2016_12_WI0460500_NIBRS",,0
2016,7146041,21146,1,2016,"I",,"N","F","C","2016_01_WI0430300_NIBRS",2359071,0
2016,7168825,21146,2,2016,"I",,"N","F","C","2016_02_WI0430300_NIBRS",,0
2016,7191609,21146,3,2016,"I",,"N","F","C","2016_03_WI0430300_NIBRS",,0
2016,7214393,21146,4,2016,"I",,"Y","F","C","2016_04_WI0430300_NIBRS",9907657,0
2016,7237177,21146,5,2016,"I",,"N","F","C","2016_05_WI0430300_NIBRS",2359219,0
2016,7259961,21146,6,2016,"I",,"N","F","C","2016_06_WI0430300_NIBRS",,0
2016,7282745,21146,7,2016,"I",,"N","F","C","2016_07_WI0430300_NIBRS",,0
2016,7305529,21146,8,2016,"I",,"N","F","C","2016_08_WI0430300_NIBRS",,0
2016,7328313,21146,9,2016,"I",,"Y","F","C","2016_09_WI0430300_NIBRS",9907695,0
2016,7351097,21146,10,2016,"I",,"Y","F","C","2016_10_WI0430300_NIBRS",9907747,0
2016,7373881,21146,11,2016,"I",,"Y","F","C","2016_11_WI0430300_NIBRS",2359324,0
2016,7396665,21146,12,2016,"I",,"Y","F","C","2016_12_WI0430300_NIBRS",9907801,0
2016,7145880,20985,1,2016,"U",,"N","F","C","2016_01_WI0140400_NIBRS",,0
2016,7168664,20985,2,2016,"U",,"N","F","C","2016_02_WI0140400_NIBRS",,0
2016,7191448,20985,3,2016,"U",,"N","F","C","2016_03_WI0140400_NIBRS",,0
2016,7214232,20985,4,2016,"U",,"N","F","C","2016_04_WI0140400_NIBRS",,0
2016,7237016,20985,5,2016,"U",,"N","F","C","2016_05_WI0140400_NIBRS",,0
2016,7259800,20985,6,2016,"U",,"N","F","C","2016_06_WI0140400_NIBRS",,0
2016,7282584,20985,7,2016,"U",,"N","F","C","2016_07_WI0140400_NIBRS",,0
2016,7305368,20985,8,2016,"U",,"N","F","C","2016_08_WI0140400_NIBRS",,0
2016,7328152,20985,9,2016,"U",,"N","F","C","2016_09_WI0140400_NIBRS",,0
2016,7350936,20985,10,2016,"U",,"N","F","C","2016_10_WI0140400_NIBRS",,0
2016,7373720,20985,11,2016,"U",,"N","F","C","2016_11_WI0140400_NIBRS",,0
2016,7396504,20985,12,2016,"U",,"N","F","C","2016_12_WI0140400_NIBRS",,0
2016,7146055,21160,1,2016,"U",,"N","F","C","2016_01_WI0450800_NIBRS",,0
2016,7168839,21160,2,2016,"U",,"N","F","C","2016_02_WI0450800_NIBRS",,0
2016,7191623,21160,3,2016,"U",,"N","F","C","2016_03_WI0450800_NIBRS",,0
2016,7214407,21160,4,2016,"U",,"N","F","C","2016_04_WI0450800_NIBRS",,0
2016,7237191,21160,5,2016,"U",,"N","F","C","2016_05_WI0450800_NIBRS",,0
2016,7259975,21160,6,2016,"U",,"N","F","C","2016_06_WI0450800_NIBRS",,0
2016,7282759,21160,7,2016,"U",,"N","F","C","2016_07_WI0450800_NIBRS",,0
2016,7305543,21160,8,2016,"U",,"N","F","C","2016_08_WI0450800_NIBRS",,0
2016,7328327,21160,9,2016,"U",,"N","F","C","2016_09_WI0450800_NIBRS",,0
2016,7351111,21160,10,2016,"U",,"N","F","C","2016_10_WI0450800_NIBRS",,0
2016,7373895,21160,11,2016,"U",,"N","F","C","2016_11_WI0450800_NIBRS",,0
2016,7396679,21160,12,2016,"U",,"N","F","C","2016_12_WI0450800_NIBRS",,0
2016,7145980,21085,1,2016,"I",,"Y","F","C","2016_01_WI0350200_NIBRS",15738089,0
2016,7168764,21085,2,2016,"I",,"Y","F","C","2016_02_WI0350200_NIBRS",1323775,0
2016,7191548,21085,3,2016,"I",,"Y","F","C","2016_03_WI0350200_NIBRS",8588515,0
2016,7214332,21085,4,2016,"I",,"Y","F","C","2016_04_WI0350200_NIBRS",15737608,0
2016,7237116,21085,5,2016,"I",,"Y","F","C","2016_05_WI0350200_NIBRS",8588245,0
2016,7259900,21085,6,2016,"I",,"Y","F","C","2016_06_WI0350200_NIBRS",6596352,0
2016,7282684,21085,7,2016,"I",,"Y","F","C","2016_07_WI0350200_NIBRS",15737668,0
2016,7305468,21085,8,2016,"I",,"Y","F","C","2016_08_WI0350200_NIBRS",15737709,0
2016,7328252,21085,9,2016,"I",,"Y","F","C","2016_09_WI0350200_NIBRS",6596444,0
2016,7351036,21085,10,2016,"I",,"Y","F","C","2016_10_WI0350200_NIBRS",8588271,0
2016,7373820,21085,11,2016,"I",,"Y","F","C","2016_11_WI0350200_NIBRS",15738150,0
2016,7396604,21085,12,2016,"I",,"Y","F","C","2016_12_WI0350200_NIBRS",8588301,0
2016,7145845,20950,1,2016,"I",,"Y","F","C","2016_01_WI0111000_NIBRS",3719310,0
2016,7168629,20950,2,2016,"I",,"Y","F","C","2016_02_WI0111000_NIBRS",3719383,0
2016,7191413,20950,3,2016,"I",,"Y","F","C","2016_03_WI0111000_NIBRS",3719423,0
2016,7214197,20950,4,2016,"I",,"Y","F","C","2016_04_WI0111000_NIBRS",3719466,0
2016,7236981,20950,5,2016,"I",,"Y","F","C","2016_05_WI0111000_NIBRS",3719781,0
2016,7259765,20950,6,2016,"I",,"Y","F","C","2016_06_WI0111000_NIBRS",8578032,0
2016,7282549,20950,7,2016,"I",,"Y","F","C","2016_07_WI0111000_NIBRS",8578076,0
2016,7305333,20950,8,2016,"I",,"Y","F","C","2016_08_WI0111000_NIBRS",3719647,0
2016,7328117,20950,9,2016,"I",,"Y","F","C","2016_09_WI0111000_NIBRS",3719689,0
2016,7350901,20950,10,2016,"I",,"Y","F","C","2016_10_WI0111000_NIBRS",3719745,0
2016,7373685,20950,11,2016,"I",,"Y","F","C","2016_11_WI0111000_NIBRS",3719881,0
2016,7396469,20950,12,2016,"I",,"Y","F","C","2016_12_WI0111000_NIBRS",3719942,0
2016,7145914,21019,1,2016,"U",,"N","F","C","2016_01_WI0220100_NIBRS",,0
2016,7168698,21019,2,2016,"U",,"N","F","C","2016_02_WI0220100_NIBRS",,0
2016,7191482,21019,3,2016,"U",,"N","F","C","2016_03_WI0220100_NIBRS",,0
2016,7214266,21019,4,2016,"U",,"N","F","C","2016_04_WI0220100_NIBRS",,0
2016,7237050,21019,5,2016,"U",,"N","F","C","2016_05_WI0220100_NIBRS",,0
2016,7259834,21019,6,2016,"U",,"N","F","C","2016_06_WI0220100_NIBRS",,0
2016,7282618,21019,7,2016,"U",,"N","F","C","2016_07_WI0220100_NIBRS",,0
2016,7305402,21019,8,2016,"U",,"N","F","C","2016_08_WI0220100_NIBRS",,0
2016,7328186,21019,9,2016,"U",,"N","F","C","2016_09_WI0220100_NIBRS",,0
2016,7350970,21019,10,2016,"U",,"N","F","C","2016_10_WI0220100_NIBRS",,0
2016,7373754,21019,11,2016,"U",,"N","F","C","2016_11_WI0220100_NIBRS",,0
2016,7396538,21019,12,2016,"U",,"N","F","C","2016_12_WI0220100_NIBRS",,0
2016,7146072,21177,1,2016,"U",,"N","F","C","2016_01_WI0480200_NIBRS",,0
2016,7168856,21177,2,2016,"U",,"N","F","C","2016_02_WI0480200_NIBRS",,0
2016,7191640,21177,3,2016,"U",,"N","F","C","2016_03_WI0480200_NIBRS",,0
2016,7214424,21177,4,2016,"U",,"N","F","C","2016_04_WI0480200_NIBRS",,0
2016,7237208,21177,5,2016,"U",,"N","F","C","2016_05_WI0480200_NIBRS",,0
2016,7259992,21177,6,2016,"U",,"N","F","C","2016_06_WI0480200_NIBRS",,0
2016,7282776,21177,7,2016,"U",,"N","F","C","2016_07_WI0480200_NIBRS",,0
2016,7305560,21177,8,2016,"U",,"N","F","C","2016_08_WI0480200_NIBRS",,0
2016,7328344,21177,9,2016,"U",,"N","F","C","2016_09_WI0480200_NIBRS",,0
2016,7351128,21177,10,2016,"U",,"N","F","C","2016_10_WI0480200_NIBRS",,0
2016,7373912,21177,11,2016,"U",,"N","F","C","2016_11_WI0480200_NIBRS",,0
2016,7396696,21177,12,2016,"U",,"N","F","C","2016_12_WI0480200_NIBRS",,0
2016,7146121,21226,1,2016,"U",,"N","F","C","2016_01_WI0570500_NIBRS",,0
2016,7168905,21226,2,2016,"U",,"N","F","C","2016_02_WI0570500_NIBRS",,0
2016,7191689,21226,3,2016,"U",,"N","F","C","2016_03_WI0570500_NIBRS",,0
2016,7214473,21226,4,2016,"U",,"N","F","C","2016_04_WI0570500_NIBRS",,0
2016,7237257,21226,5,2016,"U",,"N","F","C","2016_05_WI0570500_NIBRS",,0
2016,7260041,21226,6,2016,"U",,"N","F","C","2016_06_WI0570500_NIBRS",,0
2016,7282825,21226,7,2016,"U",,"N","F","C","2016_07_WI0570500_NIBRS",,0
2016,7305609,21226,8,2016,"U",,"N","F","C","2016_08_WI0570500_NIBRS",,0
2016,7328393,21226,9,2016,"U",,"N","F","C","2016_09_WI0570500_NIBRS",,0
2016,7351177,21226,10,2016,"U",,"N","F","C","2016_10_WI0570500_NIBRS",,0
2016,7373961,21226,11,2016,"U",,"N","F","C","2016_11_WI0570500_NIBRS",,0
2016,7396745,21226,12,2016,"U",,"N","F","C","2016_12_WI0570500_NIBRS",,0
2016,7146158,21263,1,2016,"U",,"N","F","C","2016_01_WI0650400_NIBRS",,0
2016,7168942,21263,2,2016,"U",,"N","F","C","2016_02_WI0650400_NIBRS",,0
2016,7191726,21263,3,2016,"U",,"N","F","C","2016_03_WI0650400_NIBRS",,0
2016,7214510,21263,4,2016,"U",,"N","F","C","2016_04_WI0650400_NIBRS",,0
2016,7237294,21263,5,2016,"U",,"N","F","C","2016_05_WI0650400_NIBRS",,0
2016,7260078,21263,6,2016,"U",,"N","F","C","2016_06_WI0650400_NIBRS",,0
2016,7282862,21263,7,2016,"U",,"N","F","C","2016_07_WI0650400_NIBRS",,0
2016,7305646,21263,8,2016,"U",,"N","F","C","2016_08_WI0650400_NIBRS",,0
2016,7328430,21263,9,2016,"U",,"N","F","C","2016_09_WI0650400_NIBRS",,0
2016,7351214,21263,10,2016,"U",,"N","F","C","2016_10_WI0650400_NIBRS",,0
2016,7373998,21263,11,2016,"U",,"N","F","C","2016_11_WI0650400_NIBRS",,0
2016,7396782,21263,12,2016,"U",,"N","F","C","2016_12_WI0650400_NIBRS",,0
2016,7146137,21242,1,2016,"U",,"N","F","C","2016_01_WI0620200_NIBRS",,0
2016,7168921,21242,2,2016,"U",,"N","F","C","2016_02_WI0620200_NIBRS",,0
2016,7191705,21242,3,2016,"U",,"N","F","C","2016_03_WI0620200_NIBRS",,0
2016,7214489,21242,4,2016,"U",,"N","F","C","2016_04_WI0620200_NIBRS",,0
2016,7237273,21242,5,2016,"U",,"N","F","C","2016_05_WI0620200_NIBRS",,0
2016,7260057,21242,6,2016,"U",,"N","F","C","2016_06_WI0620200_NIBRS",,0
2016,7282841,21242,7,2016,"U",,"N","F","C","2016_07_WI0620200_NIBRS",,0
2016,7305625,21242,8,2016,"U",,"N","F","C","2016_08_WI0620200_NIBRS",,0
2016,7328409,21242,9,2016,"U",,"N","F","C","2016_09_WI0620200_NIBRS",,0
2016,7351193,21242,10,2016,"U",,"N","F","C","2016_10_WI0620200_NIBRS",,0
2016,7373977,21242,11,2016,"U",,"N","F","C","2016_11_WI0620200_NIBRS",,0
2016,7396761,21242,12,2016,"U",,"N","F","C","2016_12_WI0620200_NIBRS",,0
2016,7146076,21181,1,2016,"U",,"N","F","C","2016_01_WI0490100_NIBRS",,0
2016,7168860,21181,2,2016,"U",,"N","F","C","2016_02_WI0490100_NIBRS",,0
2016,7191644,21181,3,2016,"U",,"N","F","C","2016_03_WI0490100_NIBRS",,0
2016,7214428,21181,4,2016,"U",,"N","F","C","2016_04_WI0490100_NIBRS",,0
2016,7237212,21181,5,2016,"U",,"N","F","C","2016_05_WI0490100_NIBRS",,0
2016,7259996,21181,6,2016,"U",,"N","F","C","2016_06_WI0490100_NIBRS",,0
2016,7282780,21181,7,2016,"U",,"N","F","C","2016_07_WI0490100_NIBRS",,0
2016,7305564,21181,8,2016,"U",,"N","F","C","2016_08_WI0490100_NIBRS",,0
2016,7328348,21181,9,2016,"U",,"N","F","C","2016_09_WI0490100_NIBRS",,0
2016,7351132,21181,10,2016,"U",,"N","F","C","2016_10_WI0490100_NIBRS",,0
2016,7373916,21181,11,2016,"U",,"N","F","C","2016_11_WI0490100_NIBRS",,0
2016,7396700,21181,12,2016,"U",,"N","F","C","2016_12_WI0490100_NIBRS",,0
2016,7146110,21215,1,2016,"U",,"N","F","C","2016_01_WI0550300_NIBRS",,0
2016,7168894,21215,2,2016,"U",,"N","F","C","2016_02_WI0550300_NIBRS",,0
2016,7191678,21215,3,2016,"U",,"N","F","C","2016_03_WI0550300_NIBRS",,0
2016,7214462,21215,4,2016,"U",,"N","F","C","2016_04_WI0550300_NIBRS",,0
2016,7237246,21215,5,2016,"U",,"N","F","C","2016_05_WI0550300_NIBRS",,0
2016,7260030,21215,6,2016,"U",,"N","F","C","2016_06_WI0550300_NIBRS",,0
2016,7259820,21005,6,2016,"U",,"N","F","C","2016_06_WI0180300_NIBRS",,0
2016,7282604,21005,7,2016,"U",,"N","F","C","2016_07_WI0180300_NIBRS",,0
2016,7305388,21005,8,2016,"U",,"N","F","C","2016_08_WI0180300_NIBRS",,0
2016,7328172,21005,9,2016,"U",,"N","F","C","2016_09_WI0180300_NIBRS",,0
2016,7350956,21005,10,2016,"U",,"N","F","C","2016_10_WI0180300_NIBRS",,0
2016,7373740,21005,11,2016,"U",,"N","F","C","2016_11_WI0180300_NIBRS",,0
2016,7396524,21005,12,2016,"U",,"N","F","C","2016_12_WI0180300_NIBRS",,0
2016,7147271,25418,1,2016,"U",,"N","F","C","2016_01_WI0651500_NIBRS",,0
2016,7170055,25418,2,2016,"U",,"N","F","C","2016_02_WI0651500_NIBRS",,0
2016,7192839,25418,3,2016,"U",,"N","F","C","2016_03_WI0651500_NIBRS",,0
2016,7215623,25418,4,2016,"U",,"N","F","C","2016_04_WI0651500_NIBRS",,0
2016,7238407,25418,5,2016,"U",,"N","F","C","2016_05_WI0651500_NIBRS",,0
2016,7261191,25418,6,2016,"U",,"N","F","C","2016_06_WI0651500_NIBRS",,0
2016,7283975,25418,7,2016,"U",,"N","F","C","2016_07_WI0651500_NIBRS",,0
2016,7306759,25418,8,2016,"U",,"N","F","C","2016_08_WI0651500_NIBRS",,0
2016,7329543,25418,9,2016,"U",,"N","F","C","2016_09_WI0651500_NIBRS",,0
2016,7352327,25418,10,2016,"U",,"N","F","C","2016_10_WI0651500_NIBRS",,0
2016,7375111,25418,11,2016,"U",,"N","F","C","2016_11_WI0651500_NIBRS",,0
2016,7397895,25418,12,2016,"U",,"N","F","C","2016_12_WI0651500_NIBRS",,0
2016,7146002,21107,1,2016,"U",,"N","F","C","2016_01_WI0380200_NIBRS",,0
2016,7168786,21107,2,2016,"U",,"N","F","C","2016_02_WI0380200_NIBRS",,0
2016,7191570,21107,3,2016,"U",,"N","F","C","2016_03_WI0380200_NIBRS",,0
2016,7214354,21107,4,2016,"U",,"N","F","C","2016_04_WI0380200_NIBRS",,0
2016,7237138,21107,5,2016,"U",,"N","F","C","2016_05_WI0380200_NIBRS",,0
2016,7259922,21107,6,2016,"U",,"N","F","C","2016_06_WI0380200_NIBRS",,0
2016,7282706,21107,7,2016,"U",,"N","F","C","2016_07_WI0380200_NIBRS",,0
2016,7305490,21107,8,2016,"U",,"N","F","C","2016_08_WI0380200_NIBRS",,0
2016,7328274,21107,9,2016,"U",,"N","F","C","2016_09_WI0380200_NIBRS",,0
2016,7351058,21107,10,2016,"U",,"N","F","C","2016_10_WI0380200_NIBRS",,0
2016,7373842,21107,11,2016,"U",,"N","F","C","2016_11_WI0380200_NIBRS",,0
2016,7396626,21107,12,2016,"U",,"N","F","C","2016_12_WI0380200_NIBRS",,0
2016,7145878,20983,1,2016,"U",,"N","F","C","2016_01_WI0140200_NIBRS",,0
2016,7168662,20983,2,2016,"U",,"N","F","C","2016_02_WI0140200_NIBRS",,0
2016,7191446,20983,3,2016,"U",,"N","F","C","2016_03_WI0140200_NIBRS",,0
2016,7214230,20983,4,2016,"U",,"N","F","C","2016_04_WI0140200_NIBRS",,0
2016,7145824,20929,1,2016,"U",,"N","F","C","2016_01_WI0070100_NIBRS",,0
2016,7168608,20929,2,2016,"U",,"N","F","C","2016_02_WI0070100_NIBRS",,0
2016,7191392,20929,3,2016,"U",,"N","F","C","2016_03_WI0070100_NIBRS",,0
2016,7214176,20929,4,2016,"U",,"N","F","C","2016_04_WI0070100_NIBRS",,0
2016,7236960,20929,5,2016,"U",,"N","F","C","2016_05_WI0070100_NIBRS",,0
2016,7259744,20929,6,2016,"U",,"N","F","C","2016_06_WI0070100_NIBRS",,0
2016,7282528,20929,7,2016,"U",,"N","F","C","2016_07_WI0070100_NIBRS",,0
2016,7305312,20929,8,2016,"U",,"N","F","C","2016_08_WI0070100_NIBRS",,0
2016,7328096,20929,9,2016,"U",,"N","F","C","2016_09_WI0070100_NIBRS",,0
2016,7350880,20929,10,2016,"U",,"N","F","C","2016_10_WI0070100_NIBRS",,0
2016,7373664,20929,11,2016,"U",,"N","F","C","2016_11_WI0070100_NIBRS",,0
2016,7396448,20929,12,2016,"U",,"N","F","C","2016_12_WI0070100_NIBRS",,0
2016,7145909,21014,1,2016,"U",,"N","F","C","2016_01_WI0201100_NIBRS",,0
2016,7168693,21014,2,2016,"U",,"N","F","C","2016_02_WI0201100_NIBRS",,0
2016,7191477,21014,3,2016,"U",,"N","F","C","2016_03_WI0201100_NIBRS",,0
2016,7214261,21014,4,2016,"U",,"N","F","C","2016_04_WI0201100_NIBRS",,0
2016,7237045,21014,5,2016,"U",,"N","F","C","2016_05_WI0201100_NIBRS",,0
2016,7259829,21014,6,2016,"U",,"N","F","C","2016_06_WI0201100_NIBRS",,0
2016,7282613,21014,7,2016,"U",,"N","F","C","2016_07_WI0201100_NIBRS",,0
2016,7305397,21014,8,2016,"U",,"N","F","C","2016_08_WI0201100_NIBRS",,0
2016,7328181,21014,9,2016,"U",,"N","F","C","2016_09_WI0201100_NIBRS",,0
2016,7350965,21014,10,2016,"U",,"N","F","C","2016_10_WI0201100_NIBRS",,0
2016,7373749,21014,11,2016,"U",,"N","F","C","2016_11_WI0201100_NIBRS",,0
2016,7396533,21014,12,2016,"U",,"N","F","C","2016_12_WI0201100_NIBRS",,0
2016,7146005,21110,1,2016,"I",,"Y","F","C","2016_01_WI0390100_NIBRS",15740250,0
2016,7168789,21110,2,2016,"I",,"Y","F","C","2016_02_WI0390100_NIBRS",15740073,0
2016,7191573,21110,3,2016,"I",,"N","F","C","2016_03_WI0390100_NIBRS",,0
2016,7214357,21110,4,2016,"I",,"N","F","C","2016_04_WI0390100_NIBRS",,0
2016,7237141,21110,5,2016,"I",,"Y","F","C","2016_05_WI0390100_NIBRS",15740147,0
2016,7259925,21110,6,2016,"I",,"N","F","C","2016_06_WI0390100_NIBRS",,0
2016,7282709,21110,7,2016,"I",,"N","F","C","2016_07_WI0390100_NIBRS",,0
2016,7305493,21110,8,2016,"I",,"N","F","C","2016_08_WI0390100_NIBRS",,0
2016,7328277,21110,9,2016,"I",,"N","F","C","2016_09_WI0390100_NIBRS",2353484,0
2016,7351061,21110,10,2016,"I",,"N","F","C","2016_10_WI0390100_NIBRS",1325166,0
2016,7373845,21110,11,2016,"I",,"N","F","C","2016_11_WI0390100_NIBRS",1325199,0
2016,7396629,21110,12,2016,"I",,"Y","F","C","2016_12_WI0390100_NIBRS",15740206,0
2016,7146006,21111,1,2016,"I",,"N","F","C","2016_01_WI0390200_NIBRS",,0
2016,7168790,21111,2,2016,"I",,"N","F","C","2016_02_WI0390200_NIBRS",,0
2016,7191574,21111,3,2016,"I",,"Y","F","C","2016_03_WI0390200_NIBRS",15742222,0
2016,7214358,21111,4,2016,"I",,"N","F","C","2016_04_WI0390200_NIBRS",,0
2016,7237142,21111,5,2016,"I",,"N","F","C","2016_05_WI0390200_NIBRS",,0
2016,7259926,21111,6,2016,"I",,"N","F","C","2016_06_WI0390200_NIBRS",,0
2016,7282710,21111,7,2016,"I",,"N","F","C","2016_07_WI0390200_NIBRS",,0
2016,7305494,21111,8,2016,"I",,"N","F","C","2016_08_WI0390200_NIBRS",,0
2016,7328278,21111,9,2016,"I",,"N","F","C","2016_09_WI0390200_NIBRS",,0
2016,7351062,21111,10,2016,"I",,"N","F","C","2016_10_WI0390200_NIBRS",,0
2016,7373846,21111,11,2016,"I",,"Y","F","C","2016_11_WI0390200_NIBRS",15742268,0
2016,7396630,21111,12,2016,"I",,"Y","F","C","2016_12_WI0390200_NIBRS",15742339,0
2016,7145928,21033,1,2016,"U",,"N","F","C","2016_01_WI0240300_NIBRS",,0
2016,7168712,21033,2,2016,"U",,"N","F","C","2016_02_WI0240300_NIBRS",,0
2016,7191496,21033,3,2016,"U",,"N","F","C","2016_03_WI0240300_NIBRS",,0
2016,7214280,21033,4,2016,"U",,"N","F","C","2016_04_WI0240300_NIBRS",,0
2016,7237064,21033,5,2016,"U",,"N","F","C","2016_05_WI0240300_NIBRS",,0
2016,7259848,21033,6,2016,"U",,"N","F","C","2016_06_WI0240300_NIBRS",,0
2016,7282632,21033,7,2016,"U",,"N","F","C","2016_07_WI0240300_NIBRS",,0
2016,7305416,21033,8,2016,"U",,"N","F","C","2016_08_WI0240300_NIBRS",,0
2016,7328200,21033,9,2016,"U",,"N","F","C","2016_09_WI0240300_NIBRS",,0
2016,7350984,21033,10,2016,"U",,"N","F","C","2016_10_WI0240300_NIBRS",,0
2016,7373768,21033,11,2016,"U",,"N","F","C","2016_11_WI0240300_NIBRS",,0
2016,7396552,21033,12,2016,"U",,"N","F","C","2016_12_WI0240300_NIBRS",,0
2016,7145987,21092,1,2016,"U",,"N","F","C","2016_01_WI0360800_NIBRS",,0
2016,7168771,21092,2,2016,"U",,"N","F","C","2016_02_WI0360800_NIBRS",,0
2016,7191555,21092,3,2016,"U",,"N","F","C","2016_03_WI0360800_NIBRS",,0
2016,7214339,21092,4,2016,"U",,"N","F","C","2016_04_WI0360800_NIBRS",,0
2016,7237123,21092,5,2016,"U",,"N","F","C","2016_05_WI0360800_NIBRS",,0
2016,7259907,21092,6,2016,"U",,"N","F","C","2016_06_WI0360800_NIBRS",,0
2016,7282691,21092,7,2016,"U",,"N","F","C","2016_07_WI0360800_NIBRS",,0
2016,7305475,21092,8,2016,"U",,"N","F","C","2016_08_WI0360800_NIBRS",,0
2016,7328259,21092,9,2016,"U",,"N","F","C","2016_09_WI0360800_NIBRS",,0
2016,7351043,21092,10,2016,"U",,"N","F","C","2016_10_WI0360800_NIBRS",,0
2016,7373827,21092,11,2016,"U",,"N","F","C","2016_11_WI0360800_NIBRS",,0
2016,7396611,21092,12,2016,"U",,"N","F","C","2016_12_WI0360800_NIBRS",,0
2016,7147452,25760,1,2016,"I",,"Y","F","C","2016_01_WI0221200_NIBRS",9873228,0
2016,7170236,25760,2,2016,"I",,"Y","F","C","2016_02_WI0221200_NIBRS",6577005,0
2016,7193020,25760,3,2016,"I",,"Y","F","C","2016_03_WI0221200_NIBRS",9873264,0
2016,7215804,25760,4,2016,"I",,"Y","F","C","2016_04_WI0221200_NIBRS",6577113,0
2016,7238588,25760,5,2016,"I",,"Y","F","C","2016_05_WI0221200_NIBRS",9873333,0
2016,7261372,25760,6,2016,"I",,"Y","F","C","2016_06_WI0221200_NIBRS",6925251,0
2016,7284156,25760,7,2016,"I",,"Y","F","C","2016_07_WI0221200_NIBRS",9873364,0
2016,7306940,25760,8,2016,"I",,"Y","F","C","2016_08_WI0221200_NIBRS",3733443,0
2016,7329724,25760,9,2016,"I",,"Y","F","C","2016_09_WI0221200_NIBRS",6577255,0
2016,7352508,25760,10,2016,"I",,"Y","F","C","2016_10_WI0221200_NIBRS",9872972,0
2016,7375292,25760,11,2016,"I",,"Y","F","C","2016_11_WI0221200_NIBRS",6925504,0
2016,7398076,25760,12,2016,"I",,"Y","F","C","2016_12_WI0221200_NIBRS",3733667,0
2016,7146039,21144,1,2016,"I",,"N","F","C","2016_01_WI0430100_NIBRS",3743907,0
2016,7168823,21144,2,2016,"I",,"Y","F","C","2016_02_WI0430100_NIBRS",15747637,0
2016,7191607,21144,3,2016,"I",,"N","F","C","2016_03_WI0430100_NIBRS",3743963,0
2016,7214391,21144,4,2016,"I",,"N","F","C","2016_04_WI0430100_NIBRS",3743988,0
2016,7237175,21144,5,2016,"I",,"N","F","C","2016_05_WI0430100_NIBRS",3744019,0
2016,7259959,21144,6,2016,"I",,"N","F","C","2016_06_WI0430100_NIBRS",3744042,0
2016,7282743,21144,7,2016,"I",,"N","F","C","2016_07_WI0430100_NIBRS",3744076,0
2016,7305527,21144,8,2016,"I",,"N","F","C","2016_08_WI0430100_NIBRS",3744113,0
2016,7328311,21144,9,2016,"I",,"Y","F","C","2016_09_WI0430100_NIBRS",15747667,0
2016,7351095,21144,10,2016,"I",,"Y","F","C","2016_10_WI0430100_NIBRS",3744179,0
2016,7373879,21144,11,2016,"I",,"N","F","C","2016_11_WI0430100_NIBRS",3744222,0
2016,7396663,21144,12,2016,"I",,"N","F","C","2016_12_WI0430100_NIBRS",3744280,0
2016,7145868,20973,1,2016,"I",,"Y","F","C","2016_01_WI0137100_NIBRS",15708527,0
2016,7168652,20973,2,2016,"I",,"Y","F","C","2016_02_WI0137100_NIBRS",15708558,0
2016,7191436,20973,3,2016,"I",,"Y","F","C","2016_03_WI0137100_NIBRS",15708589,0
2016,7214220,20973,4,2016,"I",,"N","F","C","2016_04_WI0137100_NIBRS",,0
2016,7237004,20973,5,2016,"I",,"N","F","C","2016_05_WI0137100_NIBRS",,0
2016,7259788,20973,6,2016,"I",,"Y","F","C","2016_06_WI0137100_NIBRS",15708636,0
2016,7282572,20973,7,2016,"I",,"Y","F","C","2016_07_WI0137100_NIBRS",6551331,0
2016,7305356,20973,8,2016,"I",,"N","F","C","2016_08_WI0137100_NIBRS",,0
2016,7328140,20973,9,2016,"I",,"N","F","C","2016_09_WI0137100_NIBRS",,0
2016,7350924,20973,10,2016,"I",,"Y","F","C","2016_10_WI0137100_NIBRS",1301056,0
2016,7373708,20973,11,2016,"I",,"N","F","C","2016_11_WI0137100_NIBRS",1301103,0
2016,7396492,20973,12,2016,"I",,"N","F","C","2016_12_WI0137100_NIBRS",1301173,0
2016,7146139,21244,1,2016,"U",,"N","F","C","2016_01_WI0620600_NIBRS",,0
2016,7168923,21244,2,2016,"U",,"N","F","C","2016_02_WI0620600_NIBRS",,0
2016,7191707,21244,3,2016,"U",,"N","F","C","2016_03_WI0620600_NIBRS",,0
2016,7214491,21244,4,2016,"U",,"N","F","C","2016_04_WI0620600_NIBRS",,0
2016,7237275,21244,5,2016,"U",,"N","F","C","2016_05_WI0620600_NIBRS",,0
2016,7260059,21244,6,2016,"U",,"N","F","C","2016_06_WI0620600_NIBRS",,0
2016,7282843,21244,7,2016,"U",,"N","F","C","2016_07_WI0620600_NIBRS",,0
2016,7305627,21244,8,2016,"U",,"N","F","C","2016_08_WI0620600_NIBRS",,0
2016,7328411,21244,9,2016,"U",,"N","F","C","2016_09_WI0620600_NIBRS",,0
2016,7351195,21244,10,2016,"U",,"N","F","C","2016_10_WI0620600_NIBRS",,0
2016,7373979,21244,11,2016,"U",,"N","F","C","2016_11_WI0620600_NIBRS",,0
2016,7396763,21244,12,2016,"U",,"N","F","C","2016_12_WI0620600_NIBRS",,0
2016,7147269,25416,1,2016,"U",,"N","F","C","2016_01_WI0201000_NIBRS",,0
2016,7170053,25416,2,2016,"U",,"N","F","C","2016_02_WI0201000_NIBRS",,0
2016,7192837,25416,3,2016,"U",,"N","F","C","2016_03_WI0201000_NIBRS",,0
2016,7215621,25416,4,2016,"U",,"N","F","C","2016_04_WI0201000_NIBRS",,0
2016,7238405,25416,5,2016,"U",,"N","F","C","2016_05_WI0201000_NIBRS",,0
2016,7261189,25416,6,2016,"U",,"N","F","C","2016_06_WI0201000_NIBRS",,0
2016,7283973,25416,7,2016,"U",,"N","F","C","2016_07_WI0201000_NIBRS",,0
2016,7306757,25416,8,2016,"U",,"N","F","C","2016_08_WI0201000_NIBRS",,0
2016,7329541,25416,9,2016,"U",,"N","F","C","2016_09_WI0201000_NIBRS",,0
2016,7352325,25416,10,2016,"U",,"N","F","C","2016_10_WI0201000_NIBRS",,0
2016,7375109,25416,11,2016,"U",,"N","F","C","2016_11_WI0201000_NIBRS",,0
2016,7397893,25416,12,2016,"U",,"N","F","C","2016_12_WI0201000_NIBRS",,0
2016,7145986,21091,1,2016,"U",,"N","F","C","2016_01_WI0360600_NIBRS",,0
2016,7168770,21091,2,2016,"U",,"N","F","C","2016_02_WI0360600_NIBRS",,0
2016,7191554,21091,3,2016,"U",,"N","F","C","2016_03_WI0360600_NIBRS",,0
2016,7214338,21091,4,2016,"U",,"N","F","C","2016_04_WI0360600_NIBRS",,0
2016,7237122,21091,5,2016,"U",,"N","F","C","2016_05_WI0360600_NIBRS",,0
2016,7259906,21091,6,2016,"U",,"N","F","C","2016_06_WI0360600_NIBRS",,0
2016,7282690,21091,7,2016,"U",,"N","F","C","2016_07_WI0360600_NIBRS",,0
2016,7305474,21091,8,2016,"U",,"N","F","C","2016_08_WI0360600_NIBRS",,0
2016,7328258,21091,9,2016,"U",,"N","F","C","2016_09_WI0360600_NIBRS",,0
2016,7351042,21091,10,2016,"U",,"N","F","C","2016_10_WI0360600_NIBRS",,0
2016,7373826,21091,11,2016,"U",,"N","F","C","2016_11_WI0360600_NIBRS",,0
2016,7396610,21091,12,2016,"U",,"N","F","C","2016_12_WI0360600_NIBRS",,0
2016,7145949,21054,1,2016,"U",,"N","F","C","2016_01_WI0290100_NIBRS",,0
2016,7168733,21054,2,2016,"U",,"N","F","C","2016_02_WI0290100_NIBRS",,0
2016,7191517,21054,3,2016,"U",,"N","F","C","2016_03_WI0290100_NIBRS",,0
2016,7214301,21054,4,2016,"U",,"N","F","C","2016_04_WI0290100_NIBRS",,0
2016,7237085,21054,5,2016,"U",,"N","F","C","2016_05_WI0290100_NIBRS",,0
2016,7259869,21054,6,2016,"U",,"N","F","C","2016_06_WI0290100_NIBRS",,0
2016,7282653,21054,7,2016,"U",,"N","F","C","2016_07_WI0290100_NIBRS",,0
2016,7305437,21054,8,2016,"U",,"N","F","C","2016_08_WI0290100_NIBRS",,0
2016,7328221,21054,9,2016,"U",,"N","F","C","2016_09_WI0290100_NIBRS",,0
2016,7351005,21054,10,2016,"U",,"N","F","C","2016_10_WI0290100_NIBRS",,0
2016,7373789,21054,11,2016,"U",,"N","F","C","2016_11_WI0290100_NIBRS",,0
2016,7396573,21054,12,2016,"U",,"N","F","C","2016_12_WI0290100_NIBRS",,0
2016,7146153,21258,1,2016,"U",,"N","F","C","2016_01_WI0640300_NIBRS",,0
2016,7168937,21258,2,2016,"U",,"N","F","C","2016_02_WI0640300_NIBRS",,0
2016,7191721,21258,3,2016,"U",,"N","F","C","2016_03_WI0640300_NIBRS",,0
2016,7214505,21258,4,2016,"U",,"N","F","C","2016_04_WI0640300_NIBRS",,0
2016,7237289,21258,5,2016,"U",,"N","F","C","2016_05_WI0640300_NIBRS",,0
2016,7260073,21258,6,2016,"U",,"N","F","C","2016_06_WI0640300_NIBRS",,0
2016,7282857,21258,7,2016,"U",,"N","F","C","2016_07_WI0640300_NIBRS",,0
2016,7305641,21258,8,2016,"U",,"N","F","C","2016_08_WI0640300_NIBRS",,0
2016,7328425,21258,9,2016,"U",,"N","F","C","2016_09_WI0640300_NIBRS",,0
2016,7351209,21258,10,2016,"U",,"N","F","C","2016_10_WI0640300_NIBRS",,0
2016,7373993,21258,11,2016,"U",,"N","F","C","2016_11_WI0640300_NIBRS",,0
2016,7396777,21258,12,2016,"U",,"N","F","C","2016_12_WI0640300_NIBRS",,0
2016,7145993,21098,1,2016,"U",,"N","F","C","2016_01_WI0370500_NIBRS",,0
2016,7168777,21098,2,2016,"U",,"N","F","C","2016_02_WI0370500_NIBRS",,0
2016,7191561,21098,3,2016,"U",,"N","F","C","2016_03_WI0370500_NIBRS",,0
2016,7214345,21098,4,2016,"U",,"N","F","C","2016_04_WI0370500_NIBRS",,0
2016,7237129,21098,5,2016,"U",,"N","F","C","2016_05_WI0370500_NIBRS",,0
2016,7259913,21098,6,2016,"U",,"N","F","C","2016_06_WI0370500_NIBRS",,0
2016,7282697,21098,7,2016,"U",,"N","F","C","2016_07_WI0370500_NIBRS",,0
2016,7305481,21098,8,2016,"U",,"N","F","C","2016_08_WI0370500_NIBRS",,0
2016,7328265,21098,9,2016,"U",,"N","F","C","2016_09_WI0370500_NIBRS",,0
2016,7351049,21098,10,2016,"U",,"N","F","C","2016_10_WI0370500_NIBRS",,0
2016,7373833,21098,11,2016,"U",,"N","F","C","2016_11_WI0370500_NIBRS",,0
2016,7396617,21098,12,2016,"U",,"N","F","C","2016_12_WI0370500_NIBRS",,0
2016,7147589,26309,1,2016,"U",,"N","F","C","2016_01_WI0132900_NIBRS",,0
2016,7170373,26309,2,2016,"U",,"N","F","C","2016_02_WI0132900_NIBRS",,0
2016,7193157,26309,3,2016,"U",,"N","F","C","2016_03_WI0132900_NIBRS",,0
2016,7215941,26309,4,2016,"U",,"N","F","C","2016_04_WI0132900_NIBRS",,0
2016,7238725,26309,5,2016,"U",,"N","F","C","2016_05_WI0132900_NIBRS",,0
2016,7261509,26309,6,2016,"U",,"N","F","C","2016_06_WI0132900_NIBRS",,0
2016,7284293,26309,7,2016,"U",,"N","F","C","2016_07_WI0132900_NIBRS",,0
2016,7307077,26309,8,2016,"U",,"N","F","C","2016_08_WI0132900_NIBRS",,0
2016,7146122,21227,1,2016,"U",,"N","F","C","2016_01_WI0578000_NIBRS",,0
2016,7168906,21227,2,2016,"U",,"N","F","C","2016_02_WI0578000_NIBRS",,0
2016,7191690,21227,3,2016,"U",,"N","F","C","2016_03_WI0578000_NIBRS",,0
2016,7214474,21227,4,2016,"U",,"N","F","C","2016_04_WI0578000_NIBRS",,0
2016,7237258,21227,5,2016,"U",,"N","F","C","2016_05_WI0578000_NIBRS",,0
2016,7260042,21227,6,2016,"U",,"N","F","C","2016_06_WI0578000_NIBRS",,0
2016,7282826,21227,7,2016,"U",,"N","F","C","2016_07_WI0578000_NIBRS",,0
2016,7305610,21227,8,2016,"U",,"N","F","C","2016_08_WI0578000_NIBRS",,0
2016,7328394,21227,9,2016,"U",,"N","F","C","2016_09_WI0578000_NIBRS",,0
2016,7351178,21227,10,2016,"U",,"N","F","C","2016_10_WI0578000_NIBRS",,0
2016,7373962,21227,11,2016,"U",,"N","F","C","2016_11_WI0578000_NIBRS",,0
2016,7396746,21227,12,2016,"U",,"N","F","C","2016_12_WI0578000_NIBRS",,0
2016,7146224,21329,1,2016,"U",,"N","F","C","2016_01_WIDI01500_NIBRS",,0
2016,7169008,21329,2,2016,"U",,"N","F","C","2016_02_WIDI01500_NIBRS",,0
2016,7191792,21329,3,2016,"U",,"N","F","C","2016_03_WIDI01500_NIBRS",,0
2016,7214576,21329,4,2016,"U",,"N","F","C","2016_04_WIDI01500_NIBRS",,0
2016,7237360,21329,5,2016,"U",,"N","F","C","2016_05_WIDI01500_NIBRS",,0
2016,7260144,21329,6,2016,"U",,"N","F","C","2016_06_WIDI01500_NIBRS",,0
2016,7282928,21329,7,2016,"U",,"N","F","C","2016_07_WIDI01500_NIBRS",,0
2016,7305712,21329,8,2016,"U",,"N","F","C","2016_08_WIDI01500_NIBRS",,0
2016,7328496,21329,9,2016,"U",,"N","F","C","2016_09_WIDI01500_NIBRS",,0
2016,7351280,21329,10,2016,"U",,"N","F","C","2016_10_WIDI01500_NIBRS",,0
2016,7374064,21329,11,2016,"U",,"N","F","C","2016_11_WIDI01500_NIBRS",,0
2016,7396848,21329,12,2016,"U",,"N","F","C","2016_12_WIDI01500_NIBRS",,0
2016,7145892,20997,1,2016,"U",,"N","F","C","2016_01_WI0160500_NIBRS",,0
2016,7168676,20997,2,2016,"U",,"N","F","C","2016_02_WI0160500_NIBRS",,0
2016,7191460,20997,3,2016,"U",,"N","F","C","2016_03_WI0160500_NIBRS",,0
2016,7214244,20997,4,2016,"U",,"N","F","C","2016_04_WI0160500_NIBRS",,0
2016,7237028,20997,5,2016,"U",,"N","F","C","2016_05_WI0160500_NIBRS",,0
2016,7259812,20997,6,2016,"U",,"N","F","C","2016_06_WI0160500_NIBRS",,0
2016,7282596,20997,7,2016,"U",,"N","F","C","2016_07_WI0160500_NIBRS",,0
2016,7305380,20997,8,2016,"U",,"N","F","C","2016_08_WI0160500_NIBRS",,0
2016,7328164,20997,9,2016,"U",,"N","F","C","2016_09_WI0160500_NIBRS",,0
2016,7350948,20997,10,2016,"U",,"N","F","C","2016_10_WI0160500_NIBRS",,0
2016,7373732,20997,11,2016,"U",,"N","F","C","2016_11_WI0160500_NIBRS",,0
2016,7396516,20997,12,2016,"U",,"N","F","C","2016_12_WI0160500_NIBRS",,0
2016,7147684,26977,1,2016,"U",,"N","F","C","2016_01_WI0100800_NIBRS",,0
2016,7170468,26977,2,2016,"U",,"N","F","C","2016_02_WI0100800_NIBRS",,0
2016,7193252,26977,3,2016,"U",,"N","F","C","2016_03_WI0100800_NIBRS",,0
2016,7216036,26977,4,2016,"U",,"N","F","C","2016_04_WI0100800_NIBRS",,0
2016,7238820,26977,5,2016,"U",,"N","F","C","2016_05_WI0100800_NIBRS",,0
2016,7261604,26977,6,2016,"U",,"N","F","C","2016_06_WI0100800_NIBRS",,0
2016,7284388,26977,7,2016,"U",,"N","F","C","2016_07_WI0100800_NIBRS",,0
2016,7307172,26977,8,2016,"U",,"N","F","C","2016_08_WI0100800_NIBRS",,0
2016,7329956,26977,9,2016,"U",,"N","F","C","2016_09_WI0100800_NIBRS",,0
2016,7352740,26977,10,2016,"U",,"N","F","C","2016_10_WI0100800_NIBRS",,0
2016,7375524,26977,11,2016,"U",,"N","F","C","2016_11_WI0100800_NIBRS",,0
2016,7398308,26977,12,2016,"U",,"N","F","C","2016_12_WI0100800_NIBRS",,0
2016,7146012,21117,1,2016,"I",,"Y","F","C","2016_01_WI0410000_NIBRS",17999280,0
2016,7168796,21117,2,2016,"I",,"Y","F","C","2016_02_WI0410000_NIBRS",17999018,0
2016,7191580,21117,3,2016,"I",,"Y","F","C","2016_03_WI0410000_NIBRS",4930512,0
2016,7214364,21117,4,2016,"I",,"Y","F","C","2016_04_WI0410000_NIBRS",4930619,0
2016,7237148,21117,5,2016,"I",,"Y","F","C","2016_05_WI0410000_NIBRS",4931054,0
2016,7259932,21117,6,2016,"I",,"Y","F","C","2016_06_WI0410000_NIBRS",17999886,0
2016,7282716,21117,7,2016,"I",,"Y","F","C","2016_07_WI0410000_NIBRS",17999660,0
2016,7305500,21117,8,2016,"I",,"Y","F","C","2016_08_WI0410000_NIBRS",4931371,0
2016,7328284,21117,9,2016,"I",,"Y","F","C","2016_09_WI0410000_NIBRS",4931461,0
2016,7351068,21117,10,2016,"I",,"Y","F","C","2016_10_WI0410000_NIBRS",17999378,0
2016,7373852,21117,11,2016,"I",,"Y","F","C","2016_11_WI0410000_NIBRS",17999202,0
2016,7396636,21117,12,2016,"I",,"Y","F","C","2016_12_WI0410000_NIBRS",17999079,0
2016,7146216,21321,1,2016,"U",,"N","F","C","2016_01_WI0710700_NIBRS",,0
2016,7145896,21001,1,2016,"U",,"N","F","C","2016_01_WI0170600_NIBRS",,0
2016,7168680,21001,2,2016,"U",,"N","F","C","2016_02_WI0170600_NIBRS",,0
2016,7191464,21001,3,2016,"U",,"N","F","C","2016_03_WI0170600_NIBRS",,0
2016,7214248,21001,4,2016,"U",,"N","F","C","2016_04_WI0170600_NIBRS",,0
2016,7237032,21001,5,2016,"U",,"N","F","C","2016_05_WI0170600_NIBRS",,0
2016,7259816,21001,6,2016,"U",,"N","F","C","2016_06_WI0170600_NIBRS",,0
2016,7282600,21001,7,2016,"U",,"N","F","C","2016_07_WI0170600_NIBRS",,0
2016,7305384,21001,8,2016,"U",,"N","F","C","2016_08_WI0170600_NIBRS",,0
2016,7328168,21001,9,2016,"U",,"N","F","C","2016_09_WI0170600_NIBRS",,0
2016,7350952,21001,10,2016,"U",,"N","F","C","2016_10_WI0170600_NIBRS",,0
2016,7373736,21001,11,2016,"U",,"N","F","C","2016_11_WI0170600_NIBRS",,0
2016,7396520,21001,12,2016,"U",,"N","F","C","2016_12_WI0170600_NIBRS",,0
2016,7147678,26971,1,2016,"U",,"N","F","C","2016_01_WI0070300_NIBRS",,0
2016,7170462,26971,2,2016,"U",,"N","F","C","2016_02_WI0070300_NIBRS",,0
2016,7193246,26971,3,2016,"U",,"N","F","C","2016_03_WI0070300_NIBRS",,0
2016,7216030,26971,4,2016,"U",,"N","F","C","2016_04_WI0070300_NIBRS",,0
2016,7238814,26971,5,2016,"U",,"N","F","C","2016_05_WI0070300_NIBRS",,0
2016,7261598,26971,6,2016,"U",,"N","F","C","2016_06_WI0070300_NIBRS",,0
2016,7284382,26971,7,2016,"U",,"N","F","C","2016_07_WI0070300_NIBRS",,0
2016,7307166,26971,8,2016,"U",,"N","F","C","2016_08_WI0070300_NIBRS",,0
2016,7329950,26971,9,2016,"U",,"N","F","C","2016_09_WI0070300_NIBRS",,0
2016,7352734,26971,10,2016,"U",,"N","F","C","2016_10_WI0070300_NIBRS",,0
2016,7375518,26971,11,2016,"U",,"N","F","C","2016_11_WI0070300_NIBRS",,0
2016,7398302,26971,12,2016,"U",,"N","F","C","2016_12_WI0070300_NIBRS",,0
2016,7147671,26931,1,2016,"U",,"N","F","C","2016_01_WI0541300_NIBRS",,0
2016,7170455,26931,2,2016,"U",,"N","F","C","2016_02_WI0541300_NIBRS",,0
2016,7193239,26931,3,2016,"U",,"N","F","C","2016_03_WI0541300_NIBRS",,0
2016,7216023,26931,4,2016,"U",,"N","F","C","2016_04_WI0541300_NIBRS",,0
2016,7238807,26931,5,2016,"U",,"N","F","C","2016_05_WI0541300_NIBRS",,0
2016,7261591,26931,6,2016,"U",,"N","F","C","2016_06_WI0541300_NIBRS",,0
2016,7284375,26931,7,2016,"U",,"N","F","C","2016_07_WI0541300_NIBRS",,0
2016,7307159,26931,8,2016,"U",,"N","F","C","2016_08_WI0541300_NIBRS",,0
2016,7329943,26931,9,2016,"U",,"N","F","C","2016_09_WI0541300_NIBRS",,0
2016,7352727,26931,10,2016,"U",,"N","F","C","2016_10_WI0541300_NIBRS",,0
2016,7375511,26931,11,2016,"U",,"N","F","C","2016_11_WI0541300_NIBRS",,0
2016,7398295,26931,12,2016,"U",,"N","F","C","2016_12_WI0541300_NIBRS",,0
2016,7147688,26981,1,2016,"U",,"N","F","C","2016_01_WI0660300_NIBRS",,0
2016,7170472,26981,2,2016,"U",,"N","F","C","2016_02_WI0660300_NIBRS",,0
2016,7193256,26981,3,2016,"U",,"N","F","C","2016_03_WI0660300_NIBRS",,0
2016,7216040,26981,4,2016,"U",,"N","F","C","2016_04_WI0660300_NIBRS",,0
2016,7238824,26981,5,2016,"U",,"N","F","C","2016_05_WI0660300_NIBRS",,0
2016,7261608,26981,6,2016,"U",,"N","F","C","2016_06_WI0660300_NIBRS",,0
2016,7284392,26981,7,2016,"U",,"N","F","C","2016_07_WI0660300_NIBRS",,0
2016,7307176,26981,8,2016,"U",,"N","F","C","2016_08_WI0660300_NIBRS",,0
2016,7329960,26981,9,2016,"U",,"N","F","C","2016_09_WI0660300_NIBRS",,0
2016,7352744,26981,10,2016,"U",,"N","F","C","2016_10_WI0660300_NIBRS",,0
2016,7375528,26981,11,2016,"U",,"N","F","C","2016_11_WI0660300_NIBRS",,0
2016,7398312,26981,12,2016,"U",,"N","F","C","2016_12_WI0660300_NIBRS",,0
2016,7147716,27334,1,2016,"U",,"N","F","C","2016_01_WI0430400_NIBRS",,0
2016,7170500,27334,2,2016,"U",,"N","F","C","2016_02_WI0430400_NIBRS",,0
2016,7193284,27334,3,2016,"U",,"N","F","C","2016_03_WI0430400_NIBRS",,0
2016,7216068,27334,4,2016,"U",,"N","F","C","2016_04_WI0430400_NIBRS",,0
2016,7238852,27334,5,2016,"U",,"N","F","C","2016_05_WI0430400_NIBRS",,0
2016,7261636,27334,6,2016,"U",,"N","F","C","2016_06_WI0430400_NIBRS",,0
2016,7284420,27334,7,2016,"U",,"N","F","C","2016_07_WI0430400_NIBRS",,0
2016,7307204,27334,8,2016,"U",,"N","F","C","2016_08_WI0430400_NIBRS",,0
2016,7329988,27334,9,2016,"U",,"N","F","C","2016_09_WI0430400_NIBRS",,0
2016,7352772,27334,10,2016,"U",,"N","F","C","2016_10_WI0430400_NIBRS",,0
2016,7375556,27334,11,2016,"U",,"N","F","C","2016_11_WI0430400_NIBRS",,0
2016,7398340,27334,12,2016,"U",,"N","F","C","2016_12_WI0430400_NIBRS",,0
2016,7146152,21257,1,2016,"U",,"N","F","C","2016_01_WI0640100_NIBRS",,0
2016,7168936,21257,2,2016,"U",,"N","F","C","2016_02_WI0640100_NIBRS",,0
2016,7191720,21257,3,2016,"U",,"N","F","C","2016_03_WI0640100_NIBRS",,0
2016,7214504,21257,4,2016,"U",,"N","F","C","2016_04_WI0640100_NIBRS",,0
2016,7237288,21257,5,2016,"U",,"N","F","C","2016_05_WI0640100_NIBRS",,0
2016,7260072,21257,6,2016,"U",,"N","F","C","2016_06_WI0640100_NIBRS",,0
2016,7282856,21257,7,2016,"U",,"N","F","C","2016_07_WI0640100_NIBRS",,0
2016,7305640,21257,8,2016,"U",,"N","F","C","2016_08_WI0640100_NIBRS",,0
2016,7328424,21257,9,2016,"U",,"N","F","C","2016_09_WI0640100_NIBRS",,0
2016,7351208,21257,10,2016,"U",,"N","F","C","2016_10_WI0640100_NIBRS",,0
2016,7373992,21257,11,2016,"U",,"N","F","C","2016_11_WI0640100_NIBRS",,0
2016,7396776,21257,12,2016,"U",,"N","F","C","2016_12_WI0640100_NIBRS",,0
2016,7146225,21330,1,2016,"U",,"N","F","C","2016_01_WILEB0100_NIBRS",,0
2016,7169009,21330,2,2016,"U",,"N","F","C","2016_02_WILEB0100_NIBRS",,0
2016,7191793,21330,3,2016,"U",,"N","F","C","2016_03_WILEB0100_NIBRS",,0
2016,7214577,21330,4,2016,"U",,"N","F","C","2016_04_WILEB0100_NIBRS",,0
2016,7237361,21330,5,2016,"U",,"N","F","C","2016_05_WILEB0100_NIBRS",,0
2016,7260145,21330,6,2016,"U",,"N","F","C","2016_06_WILEB0100_NIBRS",,0
2016,7282929,21330,7,2016,"U",,"N","F","C","2016_07_WILEB0100_NIBRS",,0
2016,7305713,21330,8,2016,"U",,"N","F","C","2016_08_WILEB0100_NIBRS",,0
2016,7328497,21330,9,2016,"U",,"N","F","C","2016_09_WILEB0100_NIBRS",,0
2016,7351281,21330,10,2016,"U",,"N","F","C","2016_10_WILEB0100_NIBRS",,0
2016,7374065,21330,11,2016,"U",,"N","F","C","2016_11_WILEB0100_NIBRS",,0
2016,7396849,21330,12,2016,"U",,"N","F","C","2016_12_WILEB0100_NIBRS",,0
2016,7145920,21025,1,2016,"I",,"N","F","C","2016_01_WI0221400_NIBRS",,0
2016,7168704,21025,2,2016,"I",,"N","F","C","2016_02_WI0221400_NIBRS",,0
2016,7191488,21025,3,2016,"I",,"Y","F","C","2016_03_WI0221400_NIBRS",9873248,0
2016,7214272,21025,4,2016,"I",,"Y","F","C","2016_04_WI0221400_NIBRS",9873288,0
2016,7237056,21025,5,2016,"I",,"Y","F","C","2016_05_WI0221400_NIBRS",9873360,0
2016,7259840,21025,6,2016,"I",,"N","F","C","2016_06_WI0221400_NIBRS",,0
2016,7282624,21025,7,2016,"I",,"Y","F","C","2016_07_WI0221400_NIBRS",8583362,0
2016,7305408,21025,8,2016,"I",,"Y","F","C","2016_08_WI0221400_NIBRS",1317420,0
2016,7328192,21025,9,2016,"I",,"Y","F","C","2016_09_WI0221400_NIBRS",4911668,0
2016,7350976,21025,10,2016,"I",,"Y","F","C","2016_10_WI0221400_NIBRS",9873416,0
2016,7373760,21025,11,2016,"I",,"Y","F","C","2016_11_WI0221400_NIBRS",9873466,0
2016,7396544,21025,12,2016,"I",,"Y","F","C","2016_12_WI0221400_NIBRS",4911725,0
2016,7147717,27335,1,2016,"U",,"N","F","C","2016_01_WI0290700_NIBRS",,0
2016,7170501,27335,2,2016,"U",,"N","F","C","2016_02_WI0290700_NIBRS",,0
2016,7193285,27335,3,2016,"U",,"N","F","C","2016_03_WI0290700_NIBRS",,0
2016,7216069,27335,4,2016,"U",,"N","F","C","2016_04_WI0290700_NIBRS",,0
2016,7238853,27335,5,2016,"U",,"N","F","C","2016_05_WI0290700_NIBRS",,0
2016,7261637,27335,6,2016,"U",,"N","F","C","2016_06_WI0290700_NIBRS",,0
2016,7284421,27335,7,2016,"U",,"N","F","C","2016_07_WI0290700_NIBRS",,0
2016,7307205,27335,8,2016,"U",,"N","F","C","2016_08_WI0290700_NIBRS",,0
2016,7329989,27335,9,2016,"U",,"N","F","C","2016_09_WI0290700_NIBRS",,0
2016,7352773,27335,10,2016,"U",,"N","F","C","2016_10_WI0290700_NIBRS",,0
2016,7375557,27335,11,2016,"U",,"N","F","C","2016_11_WI0290700_NIBRS",,0
2016,7398341,27335,12,2016,"U",,"N","F","C","2016_12_WI0290700_NIBRS",,0
2016,7147718,27336,1,2016,"U",,"N","F","C","2016_01_WI0480400_NIBRS",,0
2016,7170502,27336,2,2016,"U",,"N","F","C","2016_02_WI0480400_NIBRS",,0
2016,7193286,27336,3,2016,"U",,"N","F","C","2016_03_WI0480400_NIBRS",,0
2016,7216070,27336,4,2016,"U",,"N","F","C","2016_04_WI0480400_NIBRS",,0
2016,7238854,27336,5,2016,"U",,"N","F","C","2016_05_WI0480400_NIBRS",,0
2016,7261638,27336,6,2016,"U",,"N","F","C","2016_06_WI0480400_NIBRS",,0
2016,7284422,27336,7,2016,"U",,"N","F","C","2016_07_WI0480400_NIBRS",,0
2016,7307206,27336,8,2016,"U",,"N","F","C","2016_08_WI0480400_NIBRS",,0
2016,7329990,27336,9,2016,"U",,"N","F","C","2016_09_WI0480400_NIBRS",,0
2016,7352774,27336,10,2016,"U",,"N","F","C","2016_10_WI0480400_NIBRS",,0
2016,7375558,27336,11,2016,"U",,"N","F","C","2016_11_WI0480400_NIBRS",,0
2016,7398342,27336,12,2016,"U",,"N","F","C","2016_12_WI0480400_NIBRS",,0
2016,7147681,26974,1,2016,"U",,"N","F","C","2016_01_WI0670600_NIBRS",,0
2016,7170465,26974,2,2016,"U",,"N","F","C","2016_02_WI0670600_NIBRS",,0
2016,7193249,26974,3,2016,"U",,"N","F","C","2016_03_WI0670600_NIBRS",,0
2016,7216033,26974,4,2016,"U",,"N","F","C","2016_04_WI0670600_NIBRS",,0
2016,7238817,26974,5,2016,"U",,"N","F","C","2016_05_WI0670600_NIBRS",,0
2016,7261601,26974,6,2016,"U",,"N","F","C","2016_06_WI0670600_NIBRS",,0
2016,7284385,26974,7,2016,"U",,"N","F","C","2016_07_WI0670600_NIBRS",,0
2016,7307169,26974,8,2016,"U",,"N","F","C","2016_08_WI0670600_NIBRS",,0
2016,7329953,26974,9,2016,"U",,"N","F","C","2016_09_WI0670600_NIBRS",,0
2016,7352737,26974,10,2016,"U",,"N","F","C","2016_10_WI0670600_NIBRS",,0
2016,7375521,26974,11,2016,"U",,"N","F","C","2016_11_WI0670600_NIBRS",,0
2016,7398305,26974,12,2016,"U",,"N","F","C","2016_12_WI0670600_NIBRS",,0
2016,7147683,26976,1,2016,"U",,"N","F","C","2016_01_WI0720400_NIBRS",,0
2016,7170467,26976,2,2016,"U",,"N","F","C","2016_02_WI0720400_NIBRS",,0
2016,7193251,26976,3,2016,"U",,"N","F","C","2016_03_WI0720400_NIBRS",,0
2016,7216035,26976,4,2016,"U",,"N","F","C","2016_04_WI0720400_NIBRS",,0
2016,7238819,26976,5,2016,"U",,"N","F","C","2016_05_WI0720400_NIBRS",,0
2016,7261603,26976,6,2016,"U",,"N","F","C","2016_06_WI0720400_NIBRS",,0
2016,7284387,26976,7,2016,"U",,"N","F","C","2016_07_WI0720400_NIBRS",,0
2016,7307171,26976,8,2016,"U",,"N","F","C","2016_08_WI0720400_NIBRS",,0
2016,7329955,26976,9,2016,"U",,"N","F","C","2016_09_WI0720400_NIBRS",,0
2016,7352739,26976,10,2016,"U",,"N","F","C","2016_10_WI0720400_NIBRS",,0
2016,7375523,26976,11,2016,"U",,"N","F","C","2016_11_WI0720400_NIBRS",,0
2016,7398307,26976,12,2016,"U",,"N","F","C","2016_12_WI0720400_NIBRS",,0
2016,7145974,21079,1,2016,"U",,"N","F","C","2016_01_WI0330600_NIBRS",,0
2016,7168758,21079,2,2016,"U",,"N","F","C","2016_02_WI0330600_NIBRS",,0
2016,7191542,21079,3,2016,"U",,"N","F","C","2016_03_WI0330600_NIBRS",,0
2016,7214326,21079,4,2016,"U",,"N","F","C","2016_04_WI0330600_NIBRS",,0
2016,7237110,21079,5,2016,"U",,"N","F","C","2016_05_WI0330600_NIBRS",,0
2016,7259894,21079,6,2016,"U",,"N","F","C","2016_06_WI0330600_NIBRS",,0
2016,7282678,21079,7,2016,"U",,"N","F","C","2016_07_WI0330600_NIBRS",,0
2016,7305462,21079,8,2016,"U",,"N","F","C","2016_08_WI0330600_NIBRS",,0
2016,7328246,21079,9,2016,"U",,"N","F","C","2016_09_WI0330600_NIBRS",,0
2016,7146131,21236,1,2016,"U",,"N","F","C","2016_01_WI0600400_NIBRS",,0
2016,7168915,21236,2,2016,"U",,"N","F","C","2016_02_WI0600400_NIBRS",,0
2016,7191699,21236,3,2016,"U",,"N","F","C","2016_03_WI0600400_NIBRS",,0
2016,7214483,21236,4,2016,"U",,"N","F","C","2016_04_WI0600400_NIBRS",,0
2016,7237267,21236,5,2016,"U",,"N","F","C","2016_05_WI0600400_NIBRS",,0
2016,7260051,21236,6,2016,"U",,"N","F","C","2016_06_WI0600400_NIBRS",,0
2016,7282835,21236,7,2016,"U",,"N","F","C","2016_07_WI0600400_NIBRS",,0
2016,7305619,21236,8,2016,"U",,"N","F","C","2016_08_WI0600400_NIBRS",,0
2016,7328403,21236,9,2016,"U",,"N","F","C","2016_09_WI0600400_NIBRS",,0
2016,7351187,21236,10,2016,"U",,"N","F","C","2016_10_WI0600400_NIBRS",,0
2016,7282814,21215,7,2016,"U",,"N","F","C","2016_07_WI0550300_NIBRS",,0
2016,7305598,21215,8,2016,"U",,"N","F","C","2016_08_WI0550300_NIBRS",,0
2016,7328382,21215,9,2016,"U",,"N","F","C","2016_09_WI0550300_NIBRS",,0
2016,7351166,21215,10,2016,"U",,"N","F","C","2016_10_WI0550300_NIBRS",,0
2016,7373950,21215,11,2016,"U",,"N","F","C","2016_11_WI0550300_NIBRS",,0
2016,7396734,21215,12,2016,"U",,"N","F","C","2016_12_WI0550300_NIBRS",,0
2016,7145829,20934,1,2016,"I",,"Y","F","C","2016_01_WI0080300_NIBRS",3672176,0
2016,7168613,20934,2,2016,"I",,"N","F","C","2016_02_WI0080300_NIBRS",,0
2016,7191397,20934,3,2016,"I",,"Y","F","C","2016_03_WI0080300_NIBRS",15688404,0
2016,7214181,20934,4,2016,"I",,"Y","F","C","2016_04_WI0080300_NIBRS",3672267,0
2016,7236965,20934,5,2016,"I",,"Y","F","C","2016_05_WI0080300_NIBRS",1233597,0
2016,7259749,20934,6,2016,"I",,"Y","F","C","2016_06_WI0080300_NIBRS",,0
2016,7282533,20934,7,2016,"I",,"Y","F","C","2016_07_WI0080300_NIBRS",1233634,0
2016,7305317,20934,8,2016,"I",,"Y","F","C","2016_08_WI0080300_NIBRS",1233479,0
2016,7328101,20934,9,2016,"I",,"Y","F","C","2016_09_WI0080300_NIBRS",1233508,0
2016,7350885,20934,10,2016,"I",,"Y","F","C","2016_10_WI0080300_NIBRS",3672339,0
2016,7373669,20934,11,2016,"I",,"Y","F","C","2016_11_WI0080300_NIBRS",9853016,0
2016,7396453,20934,12,2016,"I",,"Y","F","C","2016_12_WI0080300_NIBRS",6520801,0
2016,7145960,21065,1,2016,"I",,"Y","F","C","2016_01_WI0310100_NIBRS",17983599,0
2016,7168744,21065,2,2016,"I",,"N","F","C","2016_02_WI0310100_NIBRS",,0
2016,7191528,21065,3,2016,"I",,"Y","F","C","2016_03_WI0310100_NIBRS",15733980,0
2016,7214312,21065,4,2016,"I",,"Y","F","C","2016_04_WI0310100_NIBRS",,0
2016,7237096,21065,5,2016,"I",,"N","F","C","2016_05_WI0310100_NIBRS",,0
2016,7259880,21065,6,2016,"I",,"N","F","C","2016_06_WI0310100_NIBRS",,0
2016,7282664,21065,7,2016,"I",,"Y","F","C","2016_07_WI0310100_NIBRS",1319156,0
2016,7305448,21065,8,2016,"I",,"N","F","C","2016_08_WI0310100_NIBRS",1319077,0
2016,7328232,21065,9,2016,"I",,"N","F","C","2016_09_WI0310100_NIBRS",17983645,0
2016,7351016,21065,10,2016,"I",,"Y","F","C","2016_10_WI0310100_NIBRS",1318821,0
2016,7373800,21065,11,2016,"I",,"Y","F","C","2016_11_WI0310100_NIBRS",1318958,0
2016,7396584,21065,12,2016,"I",,"Y","F","C","2016_12_WI0310100_NIBRS",2345559,0
2016,7145940,21045,1,2016,"U",,"N","F","C","2016_01_WI0270200_NIBRS",,0
2016,7168724,21045,2,2016,"U",,"N","F","C","2016_02_WI0270200_NIBRS",,0
2016,7191508,21045,3,2016,"U",,"N","F","C","2016_03_WI0270200_NIBRS",,0
2016,7214292,21045,4,2016,"U",,"N","F","C","2016_04_WI0270200_NIBRS",,0
2016,7237076,21045,5,2016,"U",,"N","F","C","2016_05_WI0270200_NIBRS",,0
2016,7259860,21045,6,2016,"U",,"N","F","C","2016_06_WI0270200_NIBRS",,0
2016,7282644,21045,7,2016,"U",,"N","F","C","2016_07_WI0270200_NIBRS",,0
2016,7305428,21045,8,2016,"U",,"N","F","C","2016_08_WI0270200_NIBRS",,0
2016,7328212,21045,9,2016,"U",,"N","F","C","2016_09_WI0270200_NIBRS",,0
2016,7350996,21045,10,2016,"U",,"N","F","C","2016_10_WI0270200_NIBRS",,0
2016,7373780,21045,11,2016,"U",,"N","F","C","2016_11_WI0270200_NIBRS",,0
2016,7396564,21045,12,2016,"U",,"N","F","C","2016_12_WI0270200_NIBRS",,0
2016,7145961,21066,1,2016,"I",,"Y","F","C","2016_01_WI0310200_NIBRS",9889874,0
2016,7168745,21066,2,2016,"I",,"Y","F","C","2016_02_WI0310200_NIBRS",9889926,0
2016,7191529,21066,3,2016,"I",,"Y","F","C","2016_03_WI0310200_NIBRS",2346076,0
2016,7214313,21066,4,2016,"I",,"N","F","C","2016_04_WI0310200_NIBRS",,0
2016,7237097,21066,5,2016,"I",,"Y","F","C","2016_05_WI0310200_NIBRS",2345968,0
2016,7259881,21066,6,2016,"I",,"N","F","C","2016_06_WI0310200_NIBRS",,0
2016,7282665,21066,7,2016,"I",,"N","F","C","2016_07_WI0310200_NIBRS",,0
2016,7305449,21066,8,2016,"I",,"N","F","C","2016_08_WI0310200_NIBRS",,0
2016,7328233,21066,9,2016,"I",,"Y","F","C","2016_09_WI0310200_NIBRS",9889977,0
2016,7351017,21066,10,2016,"I",,"Y","F","C","2016_10_WI0310200_NIBRS",9890040,0
2016,7373801,21066,11,2016,"I",,"Y","F","C","2016_11_WI0310200_NIBRS",9890117,0
2016,7396585,21066,12,2016,"I",,"N","F","C","2016_12_WI0310200_NIBRS",6589198,0
2016,7146115,21220,1,2016,"U",,"N","F","C","2016_01_WI0560800_NIBRS",,0
2016,7168899,21220,2,2016,"U",,"N","F","C","2016_02_WI0560800_NIBRS",,0
2016,7191683,21220,3,2016,"U",,"N","F","C","2016_03_WI0560800_NIBRS",,0
2016,7214467,21220,4,2016,"U",,"N","F","C","2016_04_WI0560800_NIBRS",,0
2016,7237251,21220,5,2016,"U",,"N","F","C","2016_05_WI0560800_NIBRS",,0
2016,7260035,21220,6,2016,"U",,"N","F","C","2016_06_WI0560800_NIBRS",,0
2016,7282819,21220,7,2016,"U",,"N","F","C","2016_07_WI0560800_NIBRS",,0
2016,7305603,21220,8,2016,"U",,"N","F","C","2016_08_WI0560800_NIBRS",,0
2016,7328387,21220,9,2016,"U",,"N","F","C","2016_09_WI0560800_NIBRS",,0
2016,7351171,21220,10,2016,"U",,"N","F","C","2016_10_WI0560800_NIBRS",,0
2016,7373955,21220,11,2016,"U",,"N","F","C","2016_11_WI0560800_NIBRS",,0
2016,7396739,21220,12,2016,"U",,"N","F","C","2016_12_WI0560800_NIBRS",,0
2016,7145841,20946,1,2016,"U",,"N","F","C","2016_01_WI0110200_NIBRS",,0
2016,7168625,20946,2,2016,"U",,"N","F","C","2016_02_WI0110200_NIBRS",,0
2016,7191409,20946,3,2016,"U",,"N","F","C","2016_03_WI0110200_NIBRS",,0
2016,7214193,20946,4,2016,"U",,"N","F","C","2016_04_WI0110200_NIBRS",,0
2016,7236977,20946,5,2016,"U",,"N","F","C","2016_05_WI0110200_NIBRS",,0
2016,7259761,20946,6,2016,"U",,"N","F","C","2016_06_WI0110200_NIBRS",,0
2016,7282545,20946,7,2016,"U",,"N","F","C","2016_07_WI0110200_NIBRS",,0
2016,7305329,20946,8,2016,"U",,"N","F","C","2016_08_WI0110200_NIBRS",,0
2016,7328113,20946,9,2016,"U",,"N","F","C","2016_09_WI0110200_NIBRS",,0
2016,7350897,20946,10,2016,"U",,"N","F","C","2016_10_WI0110200_NIBRS",,0
2016,7373681,20946,11,2016,"U",,"N","F","C","2016_11_WI0110200_NIBRS",,0
2016,7396465,20946,12,2016,"U",,"N","F","C","2016_12_WI0110200_NIBRS",,0
2016,7145957,21062,1,2016,"U",,"N","F","C","2016_01_WI0300400_NIBRS",,0
2016,7168741,21062,2,2016,"U",,"N","F","C","2016_02_WI0300400_NIBRS",,0
2016,7191525,21062,3,2016,"U",,"N","F","C","2016_03_WI0300400_NIBRS",,0
2016,7214309,21062,4,2016,"U",,"N","F","C","2016_04_WI0300400_NIBRS",,0
2016,7237093,21062,5,2016,"U",,"N","F","C","2016_05_WI0300400_NIBRS",,0
2016,7259877,21062,6,2016,"U",,"N","F","C","2016_06_WI0300400_NIBRS",,0
2016,7282661,21062,7,2016,"U",,"N","F","C","2016_07_WI0300400_NIBRS",,0
2016,7305445,21062,8,2016,"U",,"N","F","C","2016_08_WI0300400_NIBRS",,0
2016,7328229,21062,9,2016,"U",,"N","F","C","2016_09_WI0300400_NIBRS",,0
2016,7351013,21062,10,2016,"U",,"N","F","C","2016_10_WI0300400_NIBRS",,0
2016,7373797,21062,11,2016,"U",,"N","F","C","2016_11_WI0300400_NIBRS",,0
2016,7396581,21062,12,2016,"U",,"N","F","C","2016_12_WI0300400_NIBRS",,0
2016,7146147,21252,1,2016,"U",,"N","F","C","2016_01_WI0630400_NIBRS",,0
2016,7168931,21252,2,2016,"U",,"N","F","C","2016_02_WI0630400_NIBRS",,0
2016,7191715,21252,3,2016,"U",,"N","F","C","2016_03_WI0630400_NIBRS",,0
2016,7214499,21252,4,2016,"U",,"N","F","C","2016_04_WI0630400_NIBRS",,0
2016,7237283,21252,5,2016,"U",,"N","F","C","2016_05_WI0630400_NIBRS",,0
2016,7260067,21252,6,2016,"U",,"N","F","C","2016_06_WI0630400_NIBRS",,0
2016,7282851,21252,7,2016,"U",,"N","F","C","2016_07_WI0630400_NIBRS",,0
2016,7305635,21252,8,2016,"U",,"N","F","C","2016_08_WI0630400_NIBRS",,0
2016,7328419,21252,9,2016,"U",,"N","F","C","2016_09_WI0630400_NIBRS",,0
2016,7351203,21252,10,2016,"U",,"N","F","C","2016_10_WI0630400_NIBRS",,0
2016,7373987,21252,11,2016,"U",,"N","F","C","2016_11_WI0630400_NIBRS",,0
2016,7396771,21252,12,2016,"U",,"N","F","C","2016_12_WI0630400_NIBRS",,0
2016,7146171,21276,1,2016,"U",,"N","F","C","2016_01_WI0660100_NIBRS",,0
2016,7168955,21276,2,2016,"U",,"N","F","C","2016_02_WI0660100_NIBRS",,0
2016,7191739,21276,3,2016,"U",,"N","F","C","2016_03_WI0660100_NIBRS",,0
2016,7214523,21276,4,2016,"U",,"N","F","C","2016_04_WI0660100_NIBRS",,0
2016,7237307,21276,5,2016,"U",,"N","F","C","2016_05_WI0660100_NIBRS",,0
2016,7260091,21276,6,2016,"U",,"N","F","C","2016_06_WI0660100_NIBRS",,0
2016,7282875,21276,7,2016,"U",,"N","F","C","2016_07_WI0660100_NIBRS",,0
2016,7305659,21276,8,2016,"U",,"N","F","C","2016_08_WI0660100_NIBRS",,0
2016,7328443,21276,9,2016,"U",,"N","F","C","2016_09_WI0660100_NIBRS",,0
2016,7351227,21276,10,2016,"U",,"N","F","C","2016_10_WI0660100_NIBRS",,0
2016,7374011,21276,11,2016,"U",,"N","F","C","2016_11_WI0660100_NIBRS",,0
2016,7396795,21276,12,2016,"U",,"N","F","C","2016_12_WI0660100_NIBRS",,0
2016,7145962,21067,1,2016,"I",,"N","F","C","2016_01_WI0310400_NIBRS",,0
2016,7168746,21067,2,2016,"I",,"Y","F","C","2016_02_WI0310400_NIBRS",6590038,0
2016,7191530,21067,3,2016,"I",,"N","F","C","2016_03_WI0310400_NIBRS",,0
2016,7214314,21067,4,2016,"I",,"N","F","C","2016_04_WI0310400_NIBRS",,0
2016,7237098,21067,5,2016,"Z",,"N","F","C","2016_05_WI0310400_NIBRS",4890053,0
2016,7259882,21067,6,2016,"I",,"N","F","C","2016_06_WI0310400_NIBRS",,0
2016,7282666,21067,7,2016,"I",,"N","F","C","2016_07_WI0310400_NIBRS",,0
2016,7305450,21067,8,2016,"I",,"N","F","C","2016_08_WI0310400_NIBRS",,0
2016,7328234,21067,9,2016,"I",,"N","F","C","2016_09_WI0310400_NIBRS",,0
2016,7351018,21067,10,2016,"I",,"N","F","C","2016_10_WI0310400_NIBRS",,0
2016,7373802,21067,11,2016,"I",,"N","F","C","2016_11_WI0310400_NIBRS",2345764,0
2016,7396586,21067,12,2016,"I",,"Y","F","C","2016_12_WI0310400_NIBRS",6589864,0
2016,7145990,21095,1,2016,"U",,"N","F","C","2016_01_WI0370200_NIBRS",,0
2016,7168774,21095,2,2016,"U",,"N","F","C","2016_02_WI0370200_NIBRS",,0
2016,7191558,21095,3,2016,"U",,"N","F","C","2016_03_WI0370200_NIBRS",,0
2016,7214342,21095,4,2016,"U",,"N","F","C","2016_04_WI0370200_NIBRS",,0
2016,7237126,21095,5,2016,"U",,"N","F","C","2016_05_WI0370200_NIBRS",,0
2016,7259910,21095,6,2016,"U",,"N","F","C","2016_06_WI0370200_NIBRS",,0
2016,7282694,21095,7,2016,"U",,"N","F","C","2016_07_WI0370200_NIBRS",,0
2016,7305478,21095,8,2016,"U",,"N","F","C","2016_08_WI0370200_NIBRS",,0
2016,7328262,21095,9,2016,"U",,"N","F","C","2016_09_WI0370200_NIBRS",,0
2016,7351046,21095,10,2016,"U",,"N","F","C","2016_10_WI0370200_NIBRS",,0
2016,7373830,21095,11,2016,"U",,"N","F","C","2016_11_WI0370200_NIBRS",,0
2016,7396614,21095,12,2016,"U",,"N","F","C","2016_12_WI0370200_NIBRS",,0
2016,7145805,20910,1,2016,"U",,"N","F","C","2016_01_WI0030300_NIBRS",,0
2016,7168589,20910,2,2016,"U",,"N","F","C","2016_02_WI0030300_NIBRS",,0
2016,7191373,20910,3,2016,"U",,"N","F","C","2016_03_WI0030300_NIBRS",,0
2016,7214157,20910,4,2016,"U",,"N","F","C","2016_04_WI0030300_NIBRS",,0
2016,7236941,20910,5,2016,"U",,"N","F","C","2016_05_WI0030300_NIBRS",,0
2016,7259725,20910,6,2016,"U",,"N","F","C","2016_06_WI0030300_NIBRS",,0
2016,7282509,20910,7,2016,"U",,"N","F","C","2016_07_WI0030300_NIBRS",,0
2016,7305293,20910,8,2016,"U",,"N","F","C","2016_08_WI0030300_NIBRS",,0
2016,7328077,20910,9,2016,"U",,"N","F","C","2016_09_WI0030300_NIBRS",,0
2016,7350861,20910,10,2016,"U",,"N","F","C","2016_10_WI0030300_NIBRS",,0
2016,7373645,20910,11,2016,"U",,"N","F","C","2016_11_WI0030300_NIBRS",,0
2016,7396429,20910,12,2016,"U",,"N","F","C","2016_12_WI0030300_NIBRS",,0
2016,7145951,21056,1,2016,"U",,"N","F","C","2016_01_WI0290300_NIBRS",,0
2016,7168735,21056,2,2016,"U",,"N","F","C","2016_02_WI0290300_NIBRS",,0
2016,7191519,21056,3,2016,"U",,"N","F","C","2016_03_WI0290300_NIBRS",,0
2016,7214303,21056,4,2016,"U",,"N","F","C","2016_04_WI0290300_NIBRS",,0
2016,7237087,21056,5,2016,"U",,"N","F","C","2016_05_WI0290300_NIBRS",,0
2016,7259871,21056,6,2016,"U",,"N","F","C","2016_06_WI0290300_NIBRS",,0
2016,7282655,21056,7,2016,"U",,"N","F","C","2016_07_WI0290300_NIBRS",,0
2016,7305439,21056,8,2016,"U",,"N","F","C","2016_08_WI0290300_NIBRS",,0
2016,7328223,21056,9,2016,"U",,"N","F","C","2016_09_WI0290300_NIBRS",,0
2016,7351007,21056,10,2016,"U",,"N","F","C","2016_10_WI0290300_NIBRS",,0
2016,7373791,21056,11,2016,"U",,"N","F","C","2016_11_WI0290300_NIBRS",,0
2016,7396575,21056,12,2016,"U",,"N","F","C","2016_12_WI0290300_NIBRS",,0
2016,7282504,20905,7,2016,"U",,"N","F","C","2016_07_WI0020000_NIBRS",,0
2016,7305288,20905,8,2016,"U",,"N","F","C","2016_08_WI0020000_NIBRS",,0
2016,7328072,20905,9,2016,"U",,"N","F","C","2016_09_WI0020000_NIBRS",,0
2016,7350856,20905,10,2016,"U",,"N","F","C","2016_10_WI0020000_NIBRS",,0
2016,7373640,20905,11,2016,"U",,"N","F","C","2016_11_WI0020000_NIBRS",,0
2016,7396424,20905,12,2016,"U",,"N","F","C","2016_12_WI0020000_NIBRS",,0
2016,7145943,21048,1,2016,"U",,"N","F","C","2016_01_WI0280200_NIBRS",,0
2016,7168727,21048,2,2016,"U",,"N","F","C","2016_02_WI0280200_NIBRS",,0
2016,7191511,21048,3,2016,"U",,"N","F","C","2016_03_WI0280200_NIBRS",,0
2016,7214295,21048,4,2016,"U",,"N","F","C","2016_04_WI0280200_NIBRS",,0
2016,7237079,21048,5,2016,"U",,"N","F","C","2016_05_WI0280200_NIBRS",,0
2016,7259863,21048,6,2016,"U",,"N","F","C","2016_06_WI0280200_NIBRS",,0
2016,7282647,21048,7,2016,"U",,"N","F","C","2016_07_WI0280200_NIBRS",,0
2016,7305431,21048,8,2016,"I",,"Y","F","C","2016_08_WI0280200_NIBRS",9876004,0
2016,7328215,21048,9,2016,"I",,"Y","F","C","2016_09_WI0280200_NIBRS",9876078,0
2016,7350999,21048,10,2016,"I",,"Y","F","C","2016_10_WI0280200_NIBRS",9875504,0
2016,7373783,21048,11,2016,"I",,"Y","F","C","2016_11_WI0280200_NIBRS",9875570,0
2016,7396567,21048,12,2016,"I",,"Y","F","C","2016_12_WI0280200_NIBRS",9875951,0
2016,7146059,21164,1,2016,"I",,"N","F","C","2016_01_WI0451400_NIBRS",,0
2016,7168843,21164,2,2016,"I",,"N","F","C","2016_02_WI0451400_NIBRS",,0
2016,7191627,21164,3,2016,"I",,"N","F","C","2016_03_WI0451400_NIBRS",,0
2016,7214411,21164,4,2016,"I",,"Y","F","C","2016_04_WI0451400_NIBRS",6627019,0
2016,7237195,21164,5,2016,"I",,"N","F","C","2016_05_WI0451400_NIBRS",,0
2016,7259979,21164,6,2016,"I",,"N","F","C","2016_06_WI0451400_NIBRS",,0
2016,7282763,21164,7,2016,"I",,"N","F","C","2016_07_WI0451400_NIBRS",,0
2016,7305547,21164,8,2016,"I",,"Y","F","C","2016_08_WI0451400_NIBRS",6627042,0
2016,7328331,21164,9,2016,"I",,"Y","F","C","2016_09_WI0451400_NIBRS",2372320,0
2016,7351115,21164,10,2016,"I",,"Y","F","C","2016_10_WI0451400_NIBRS",1378521,0
2016,7373899,21164,11,2016,"I",,"Y","F","C","2016_11_WI0451400_NIBRS",2372423,0
2016,7396683,21164,12,2016,"I",,"Y","F","C","2016_12_WI0451400_NIBRS",2372352,0
2016,7145945,21050,1,2016,"I",,"Y","F","C","2016_01_WI0280400_NIBRS",15719124,0
2016,7168729,21050,2,2016,"I",,"Y","F","C","2016_02_WI0280400_NIBRS",4912307,0
2016,7191513,21050,3,2016,"I",,"Y","F","C","2016_03_WI0280400_NIBRS",6926299,0
2016,7214297,21050,4,2016,"I",,"Y","F","C","2016_04_WI0280400_NIBRS",6926340,0
2016,7237081,21050,5,2016,"I",,"Y","F","C","2016_05_WI0280400_NIBRS",4912429,0
2016,7259865,21050,6,2016,"I",,"Y","F","C","2016_06_WI0280400_NIBRS",15719524,0
2016,7282649,21050,7,2016,"I",,"Y","F","C","2016_07_WI0280400_NIBRS",9875737,0
2016,7305433,21050,8,2016,"I",,"Y","F","C","2016_08_WI0280400_NIBRS",4912587,0
2016,7328217,21050,9,2016,"I",,"Y","F","C","2016_09_WI0280400_NIBRS",9875760,0
2016,7351001,21050,10,2016,"I",,"Y","F","C","2016_10_WI0280400_NIBRS",9875793,0
2016,7373785,21050,11,2016,"I",,"Y","F","C","2016_11_WI0280400_NIBRS",15719190,0
2016,7396569,21050,12,2016,"I",,"Y","F","C","2016_12_WI0280400_NIBRS",7710195,0
2016,7146195,21300,1,2016,"U",,"N","F","C","2016_01_WI0681800_NIBRS",,0
2016,7168979,21300,2,2016,"U",,"N","F","C","2016_02_WI0681800_NIBRS",,0
2016,7191763,21300,3,2016,"U",,"N","F","C","2016_03_WI0681800_NIBRS",,0
2016,7214547,21300,4,2016,"U",,"N","F","C","2016_04_WI0681800_NIBRS",,0
2016,7237331,21300,5,2016,"U",,"N","F","C","2016_05_WI0681800_NIBRS",,0
2016,7260115,21300,6,2016,"U",,"N","F","C","2016_06_WI0681800_NIBRS",,0
2016,7282899,21300,7,2016,"U",,"N","F","C","2016_07_WI0681800_NIBRS",,0
2016,7305683,21300,8,2016,"U",,"N","F","C","2016_08_WI0681800_NIBRS",,0
2016,7328467,21300,9,2016,"U",,"N","F","C","2016_09_WI0681800_NIBRS",,0
2016,7351251,21300,10,2016,"U",,"N","F","C","2016_10_WI0681800_NIBRS",,0
2016,7374035,21300,11,2016,"U",,"N","F","C","2016_11_WI0681800_NIBRS",,0
2016,7396819,21300,12,2016,"U",,"N","F","C","2016_12_WI0681800_NIBRS",,0
2016,7146105,21210,1,2016,"U",,"N","F","C","2016_01_WI0540600_NIBRS",,0
2016,7168889,21210,2,2016,"U",,"N","F","C","2016_02_WI0540600_NIBRS",,0
2016,7191673,21210,3,2016,"U",,"N","F","C","2016_03_WI0540600_NIBRS",,0
2016,7214457,21210,4,2016,"U",,"N","F","C","2016_04_WI0540600_NIBRS",,0
2016,7237241,21210,5,2016,"U",,"N","F","C","2016_05_WI0540600_NIBRS",,0
2016,7260025,21210,6,2016,"U",,"N","F","C","2016_06_WI0540600_NIBRS",,0
2016,7282809,21210,7,2016,"U",,"N","F","C","2016_07_WI0540600_NIBRS",,0
2016,7305593,21210,8,2016,"U",,"N","F","C","2016_08_WI0540600_NIBRS",,0
2016,7328377,21210,9,2016,"U",,"N","F","C","2016_09_WI0540600_NIBRS",,0
2016,7351161,21210,10,2016,"U",,"N","F","C","2016_10_WI0540600_NIBRS",,0
2016,7373945,21210,11,2016,"U",,"N","F","C","2016_11_WI0540600_NIBRS",,0
2016,7396729,21210,12,2016,"U",,"N","F","C","2016_12_WI0540600_NIBRS",,0
2016,7146181,21286,1,2016,"U",,"N","F","C","2016_01_WI0680200_NIBRS",,0
2016,7168965,21286,2,2016,"U",,"N","F","C","2016_02_WI0680200_NIBRS",,0
2016,7191749,21286,3,2016,"U",,"N","F","C","2016_03_WI0680200_NIBRS",,0
2016,7214533,21286,4,2016,"U",,"N","F","C","2016_04_WI0680200_NIBRS",,0
2016,7237317,21286,5,2016,"U",,"N","F","C","2016_05_WI0680200_NIBRS",,0
2016,7260101,21286,6,2016,"U",,"N","F","C","2016_06_WI0680200_NIBRS",,0
2016,7282885,21286,7,2016,"U",,"N","F","C","2016_07_WI0680200_NIBRS",,0
2016,7305669,21286,8,2016,"U",,"N","F","C","2016_08_WI0680200_NIBRS",,0
2016,7328453,21286,9,2016,"U",,"N","F","C","2016_09_WI0680200_NIBRS",,0
2016,7351237,21286,10,2016,"U",,"N","F","C","2016_10_WI0680200_NIBRS",,0
2016,7374021,21286,11,2016,"U",,"N","F","C","2016_11_WI0680200_NIBRS",,0
2016,7396805,21286,12,2016,"U",,"N","F","C","2016_12_WI0680200_NIBRS",,0
2016,7145848,20953,1,2016,"U",,"N","F","C","2016_01_WI0120100_NIBRS",,0
2016,7168632,20953,2,2016,"U",,"N","F","C","2016_02_WI0120100_NIBRS",,0
2016,7191416,20953,3,2016,"U",,"N","F","C","2016_03_WI0120100_NIBRS",,0
2016,7214200,20953,4,2016,"U",,"N","F","C","2016_04_WI0120100_NIBRS",,0
2016,7236984,20953,5,2016,"U",,"N","F","C","2016_05_WI0120100_NIBRS",,0
2016,7259768,20953,6,2016,"U",,"N","F","C","2016_06_WI0120100_NIBRS",,0
2016,7282552,20953,7,2016,"U",,"N","F","C","2016_07_WI0120100_NIBRS",,0
2016,7305336,20953,8,2016,"U",,"N","F","C","2016_08_WI0120100_NIBRS",,0
2016,7328120,20953,9,2016,"U",,"N","F","C","2016_09_WI0120100_NIBRS",,0
2016,7350904,20953,10,2016,"U",,"N","F","C","2016_10_WI0120100_NIBRS",,0
2016,7373688,20953,11,2016,"U",,"N","F","C","2016_11_WI0120100_NIBRS",,0
2016,7396472,20953,12,2016,"U",,"N","F","C","2016_12_WI0120100_NIBRS",,0
2016,7146094,21199,1,2016,"U",,"N","F","C","2016_01_WI0520600_NIBRS",,0
2016,7168878,21199,2,2016,"U",,"N","F","C","2016_02_WI0520600_NIBRS",,0
2016,7191662,21199,3,2016,"U",,"N","F","C","2016_03_WI0520600_NIBRS",,0
2016,7214446,21199,4,2016,"U",,"N","F","C","2016_04_WI0520600_NIBRS",,0
2016,7237230,21199,5,2016,"U",,"N","F","C","2016_05_WI0520600_NIBRS",,0
2016,7260014,21199,6,2016,"U",,"N","F","C","2016_06_WI0520600_NIBRS",,0
2016,7282798,21199,7,2016,"U",,"N","F","C","2016_07_WI0520600_NIBRS",,0
2016,7305582,21199,8,2016,"U",,"N","F","C","2016_08_WI0520600_NIBRS",,0
2016,7328366,21199,9,2016,"U",,"N","F","C","2016_09_WI0520600_NIBRS",,0
2016,7351150,21199,10,2016,"U",,"N","F","C","2016_10_WI0520600_NIBRS",,0
2016,7373934,21199,11,2016,"U",,"N","F","C","2016_11_WI0520600_NIBRS",,0
2016,7396718,21199,12,2016,"U",,"N","F","C","2016_12_WI0520600_NIBRS",,0
2016,7145835,20940,1,2016,"U",,"N","F","C","2016_01_WI0090500_NIBRS",,0
2016,7168619,20940,2,2016,"U",,"N","F","C","2016_02_WI0090500_NIBRS",,0
2016,7191403,20940,3,2016,"U",,"N","F","C","2016_03_WI0090500_NIBRS",,0
2016,7214187,20940,4,2016,"U",,"N","F","C","2016_04_WI0090500_NIBRS",,0
2016,7236971,20940,5,2016,"U",,"N","F","C","2016_05_WI0090500_NIBRS",,0
2016,7259755,20940,6,2016,"U",,"N","F","C","2016_06_WI0090500_NIBRS",,0
2016,7282539,20940,7,2016,"U",,"N","F","C","2016_07_WI0090500_NIBRS",,0
2016,7305323,20940,8,2016,"U",,"N","F","C","2016_08_WI0090500_NIBRS",,0
2016,7328107,20940,9,2016,"U",,"N","F","C","2016_09_WI0090500_NIBRS",,0
2016,7350891,20940,10,2016,"U",,"N","F","C","2016_10_WI0090500_NIBRS",,0
2016,7373675,20940,11,2016,"U",,"N","F","C","2016_11_WI0090500_NIBRS",,0
2016,7396459,20940,12,2016,"U",,"N","F","C","2016_12_WI0090500_NIBRS",,0
2016,7146160,21265,1,2016,"U",,"N","F","C","2016_01_WI0650700_NIBRS",,0
2016,7168944,21265,2,2016,"U",,"N","F","C","2016_02_WI0650700_NIBRS",,0
2016,7191728,21265,3,2016,"U",,"N","F","C","2016_03_WI0650700_NIBRS",,0
2016,7214512,21265,4,2016,"U",,"N","F","C","2016_04_WI0650700_NIBRS",,0
2016,7237296,21265,5,2016,"U",,"N","F","C","2016_05_WI0650700_NIBRS",,0
2016,7260080,21265,6,2016,"U",,"N","F","C","2016_06_WI0650700_NIBRS",,0
2016,7282864,21265,7,2016,"U",,"N","F","C","2016_07_WI0650700_NIBRS",,0
2016,7305648,21265,8,2016,"U",,"N","F","C","2016_08_WI0650700_NIBRS",,0
2016,7328432,21265,9,2016,"U",,"N","F","C","2016_09_WI0650700_NIBRS",,0
2016,7351216,21265,10,2016,"U",,"N","F","C","2016_10_WI0650700_NIBRS",,0
2016,7374000,21265,11,2016,"U",,"N","F","C","2016_11_WI0650700_NIBRS",,0
2016,7396784,21265,12,2016,"U",,"N","F","C","2016_12_WI0650700_NIBRS",,0
2016,7146203,21308,1,2016,"U",,"N","F","C","2016_01_WI0690300_NIBRS",,0
2016,7168987,21308,2,2016,"U",,"N","F","C","2016_02_WI0690300_NIBRS",,0
2016,7191771,21308,3,2016,"U",,"N","F","C","2016_03_WI0690300_NIBRS",,0
2016,7214555,21308,4,2016,"U",,"N","F","C","2016_04_WI0690300_NIBRS",,0
2016,7237339,21308,5,2016,"U",,"N","F","C","2016_05_WI0690300_NIBRS",,0
2016,7260123,21308,6,2016,"U",,"N","F","C","2016_06_WI0690300_NIBRS",,0
2016,7282907,21308,7,2016,"U",,"N","F","C","2016_07_WI0690300_NIBRS",,0
2016,7305691,21308,8,2016,"U",,"N","F","C","2016_08_WI0690300_NIBRS",,0
2016,7328475,21308,9,2016,"U",,"N","F","C","2016_09_WI0690300_NIBRS",,0
2016,7351259,21308,10,2016,"U",,"N","F","C","2016_10_WI0690300_NIBRS",,0
2016,7374043,21308,11,2016,"U",,"N","F","C","2016_11_WI0690300_NIBRS",,0
2016,7396827,21308,12,2016,"U",,"N","F","C","2016_12_WI0690300_NIBRS",,0
2016,7145955,21060,1,2016,"U",,"N","F","C","2016_01_WI0300200_NIBRS",,0
2016,7168739,21060,2,2016,"U",,"N","F","C","2016_02_WI0300200_NIBRS",,0
2016,7191523,21060,3,2016,"U",,"N","F","C","2016_03_WI0300200_NIBRS",,0
2016,7214307,21060,4,2016,"U",,"N","F","C","2016_04_WI0300200_NIBRS",,0
2016,7237091,21060,5,2016,"U",,"N","F","C","2016_05_WI0300200_NIBRS",,0
2016,7259875,21060,6,2016,"U",,"N","F","C","2016_06_WI0300200_NIBRS",,0
2016,7282659,21060,7,2016,"U",,"N","F","C","2016_07_WI0300200_NIBRS",,0
2016,7305443,21060,8,2016,"U",,"N","F","C","2016_08_WI0300200_NIBRS",,0
2016,7328227,21060,9,2016,"U",,"N","F","C","2016_09_WI0300200_NIBRS",,0
2016,7351011,21060,10,2016,"U",,"N","F","C","2016_10_WI0300200_NIBRS",,0
2016,7373795,21060,11,2016,"U",,"N","F","C","2016_11_WI0300200_NIBRS",,0
2016,7396579,21060,12,2016,"U",,"N","F","C","2016_12_WI0300200_NIBRS",,0
2016,7146168,21273,1,2016,"U",,"N","F","C","2016_01_WI0651700_NIBRS",,0
2016,7168952,21273,2,2016,"U",,"N","F","C","2016_02_WI0651700_NIBRS",,0
2016,7191736,21273,3,2016,"U",,"N","F","C","2016_03_WI0651700_NIBRS",,0
2016,7214520,21273,4,2016,"U",,"N","F","C","2016_04_WI0651700_NIBRS",,0
2016,7237304,21273,5,2016,"U",,"N","F","C","2016_05_WI0651700_NIBRS",,0
2016,7260088,21273,6,2016,"U",,"N","F","C","2016_06_WI0651700_NIBRS",,0
2016,7282872,21273,7,2016,"U",,"N","F","C","2016_07_WI0651700_NIBRS",,0
2016,7305656,21273,8,2016,"U",,"N","F","C","2016_08_WI0651700_NIBRS",,0
2016,7328440,21273,9,2016,"U",,"N","F","C","2016_09_WI0651700_NIBRS",,0
2016,7351224,21273,10,2016,"U",,"N","F","C","2016_10_WI0651700_NIBRS",,0
2016,7374008,21273,11,2016,"U",,"N","F","C","2016_11_WI0651700_NIBRS",,0
2016,7396792,21273,12,2016,"U",,"N","F","C","2016_12_WI0651700_NIBRS",,0
2016,7146093,21198,1,2016,"U",,"N","F","C","2016_01_WI0520500_NIBRS",,0
2016,7168877,21198,2,2016,"U",,"N","F","C","2016_02_WI0520500_NIBRS",,0
2016,7191661,21198,3,2016,"U",,"N","F","C","2016_03_WI0520500_NIBRS",,0
2016,7214445,21198,4,2016,"U",,"N","F","C","2016_04_WI0520500_NIBRS",,0
2016,7237229,21198,5,2016,"U",,"N","F","C","2016_05_WI0520500_NIBRS",,0
2016,7260013,21198,6,2016,"U",,"N","F","C","2016_06_WI0520500_NIBRS",,0
2016,7282797,21198,7,2016,"U",,"N","F","C","2016_07_WI0520500_NIBRS",,0
2016,7305581,21198,8,2016,"U",,"N","F","C","2016_08_WI0520500_NIBRS",,0
2016,7328365,21198,9,2016,"U",,"N","F","C","2016_09_WI0520500_NIBRS",,0
2016,7351149,21198,10,2016,"U",,"N","F","C","2016_10_WI0520500_NIBRS",,0
2016,7373933,21198,11,2016,"U",,"N","F","C","2016_11_WI0520500_NIBRS",,0
2016,7396717,21198,12,2016,"U",,"N","F","C","2016_12_WI0520500_NIBRS",,0
2016,7146010,21115,1,2016,"U",,"N","F","C","2016_01_WI0400000_NIBRS",,0
2016,7168794,21115,2,2016,"U",,"N","F","C","2016_02_WI0400000_NIBRS",,0
2016,7191578,21115,3,2016,"U",,"N","F","C","2016_03_WI0400000_NIBRS",,0
2016,7214362,21115,4,2016,"U",,"N","F","C","2016_04_WI0400000_NIBRS",,0
2016,7237146,21115,5,2016,"U",,"N","F","C","2016_05_WI0400000_NIBRS",,0
2016,7259930,21115,6,2016,"U",,"N","F","C","2016_06_WI0400000_NIBRS",,0
2016,7282714,21115,7,2016,"U",,"N","F","C","2016_07_WI0400000_NIBRS",,0
2016,7305498,21115,8,2016,"U",,"N","F","C","2016_08_WI0400000_NIBRS",,0
2016,7328282,21115,9,2016,"U",,"N","F","C","2016_09_WI0400000_NIBRS",,0
2016,7351066,21115,10,2016,"U",,"N","F","C","2016_10_WI0400000_NIBRS",,0
2016,7373850,21115,11,2016,"U",,"N","F","C","2016_11_WI0400000_NIBRS",,0
2016,7396634,21115,12,2016,"U",,"N","F","C","2016_12_WI0400000_NIBRS",,0
2016,7146067,21172,1,2016,"U",,"N","F","C","2016_01_WI0470000_NIBRS",,0
2016,7168851,21172,2,2016,"U",,"N","F","C","2016_02_WI0470000_NIBRS",,0
2016,7191635,21172,3,2016,"U",,"N","F","C","2016_03_WI0470000_NIBRS",,0
2016,7214419,21172,4,2016,"U",,"N","F","C","2016_04_WI0470000_NIBRS",,0
2016,7237203,21172,5,2016,"U",,"N","F","C","2016_05_WI0470000_NIBRS",,0
2016,7259987,21172,6,2016,"U",,"N","F","C","2016_06_WI0470000_NIBRS",,0
2016,7282771,21172,7,2016,"U",,"N","F","C","2016_07_WI0470000_NIBRS",,0
2016,7305555,21172,8,2016,"U",,"N","F","C","2016_08_WI0470000_NIBRS",,0
2016,7328339,21172,9,2016,"U",,"N","F","C","2016_09_WI0470000_NIBRS",,0
2016,7351123,21172,10,2016,"U",,"N","F","C","2016_10_WI0470000_NIBRS",,0
2016,7373907,21172,11,2016,"U",,"N","F","C","2016_11_WI0470000_NIBRS",,0
2016,7396691,21172,12,2016,"U",,"N","F","C","2016_12_WI0470000_NIBRS",,0
2016,7373971,21236,11,2016,"U",,"N","F","C","2016_11_WI0600400_NIBRS",,0
2016,7396755,21236,12,2016,"U",,"N","F","C","2016_12_WI0600400_NIBRS",,0
2016,7147505,25873,1,2016,"U",,"N","F","C","2016_01_WI0110900_NIBRS",,0
2016,7170289,25873,2,2016,"U",,"N","F","C","2016_02_WI0110900_NIBRS",,0
2016,7193073,25873,3,2016,"U",,"N","F","C","2016_03_WI0110900_NIBRS",,0
2016,7215857,25873,4,2016,"U",,"N","F","C","2016_04_WI0110900_NIBRS",,0
2016,7238641,25873,5,2016,"U",,"N","F","C","2016_05_WI0110900_NIBRS",,0
2016,7261425,25873,6,2016,"U",,"N","F","C","2016_06_WI0110900_NIBRS",,0
2016,7284209,25873,7,2016,"U",,"N","F","C","2016_07_WI0110900_NIBRS",,0
2016,7306993,25873,8,2016,"U",,"N","F","C","2016_08_WI0110900_NIBRS",,0
2016,7329777,25873,9,2016,"U",,"N","F","C","2016_09_WI0110900_NIBRS",,0
2016,7352561,25873,10,2016,"U",,"N","F","C","2016_10_WI0110900_NIBRS",,0
2016,7375345,25873,11,2016,"U",,"N","F","C","2016_11_WI0110900_NIBRS",,0
2016,7398129,25873,12,2016,"U",,"N","F","C","2016_12_WI0110900_NIBRS",,0
2016,7145810,20915,1,2016,"U",,"N","F","C","2016_01_WI0040400_NIBRS",,0
2016,7168594,20915,2,2016,"U",,"N","F","C","2016_02_WI0040400_NIBRS",,0
2016,7191378,20915,3,2016,"U",,"N","F","C","2016_03_WI0040400_NIBRS",,0
2016,7214162,20915,4,2016,"U",,"N","F","C","2016_04_WI0040400_NIBRS",,0
2016,7236946,20915,5,2016,"U",,"N","F","C","2016_05_WI0040400_NIBRS",,0
2016,7259730,20915,6,2016,"U",,"N","F","C","2016_06_WI0040400_NIBRS",,0
2016,7282514,20915,7,2016,"U",,"N","F","C","2016_07_WI0040400_NIBRS",,0
2016,7305298,20915,8,2016,"U",,"N","F","C","2016_08_WI0040400_NIBRS",,0
2016,7328082,20915,9,2016,"U",,"N","F","C","2016_09_WI0040400_NIBRS",,0
2016,7350866,20915,10,2016,"U",,"N","F","C","2016_10_WI0040400_NIBRS",,0
2016,7373650,20915,11,2016,"U",,"N","F","C","2016_11_WI0040400_NIBRS",,0
2016,7396434,20915,12,2016,"U",,"N","F","C","2016_12_WI0040400_NIBRS",,0
2016,7147561,26080,1,2016,"U",,"N","F","C","2016_01_WI0170300_NIBRS",,0
2016,7170345,26080,2,2016,"U",,"N","F","C","2016_02_WI0170300_NIBRS",,0
2016,7193129,26080,3,2016,"U",,"N","F","C","2016_03_WI0170300_NIBRS",,0
2016,7215913,26080,4,2016,"U",,"N","F","C","2016_04_WI0170300_NIBRS",,0
2016,7238697,26080,5,2016,"U",,"N","F","C","2016_05_WI0170300_NIBRS",,0
2016,7261481,26080,6,2016,"U",,"N","F","C","2016_06_WI0170300_NIBRS",,0
2016,7284265,26080,7,2016,"U",,"N","F","C","2016_07_WI0170300_NIBRS",,0
2016,7307049,26080,8,2016,"U",,"N","F","C","2016_08_WI0170300_NIBRS",,0
2016,7329833,26080,9,2016,"U",,"N","F","C","2016_09_WI0170300_NIBRS",,0
2016,7352617,26080,10,2016,"U",,"N","F","C","2016_10_WI0170300_NIBRS",,0
2016,7375401,26080,11,2016,"U",,"N","F","C","2016_11_WI0170300_NIBRS",,0
2016,7398185,26080,12,2016,"U",,"N","F","C","2016_12_WI0170300_NIBRS",,0
2016,7145924,21029,1,2016,"U",,"N","F","C","2016_01_WI0230300_NIBRS",,0
2016,7168708,21029,2,2016,"U",,"N","F","C","2016_02_WI0230300_NIBRS",,0
2016,7191492,21029,3,2016,"U",,"N","F","C","2016_03_WI0230300_NIBRS",,0
2016,7214276,21029,4,2016,"U",,"N","F","C","2016_04_WI0230300_NIBRS",,0
2016,7237060,21029,5,2016,"U",,"N","F","C","2016_05_WI0230300_NIBRS",,0
2016,7259844,21029,6,2016,"U",,"N","F","C","2016_06_WI0230300_NIBRS",,0
2016,7282628,21029,7,2016,"U",,"N","F","C","2016_07_WI0230300_NIBRS",,0
2016,7305412,21029,8,2016,"U",,"N","F","C","2016_08_WI0230300_NIBRS",,0
2016,7328196,21029,9,2016,"U",,"N","F","C","2016_09_WI0230300_NIBRS",,0
2016,7350980,21029,10,2016,"U",,"N","F","C","2016_10_WI0230300_NIBRS",,0
2016,7373764,21029,11,2016,"U",,"N","F","C","2016_11_WI0230300_NIBRS",,0
2016,7396548,21029,12,2016,"U",,"N","F","C","2016_12_WI0230300_NIBRS",,0
2016,7146078,21183,1,2016,"U",,"N","F","C","2016_01_WI0490500_NIBRS",,0
2016,7168862,21183,2,2016,"U",,"N","F","C","2016_02_WI0490500_NIBRS",,0
2016,7191646,21183,3,2016,"U",,"N","F","C","2016_03_WI0490500_NIBRS",,0
2016,7214430,21183,4,2016,"U",,"N","F","C","2016_04_WI0490500_NIBRS",,0
2016,7237214,21183,5,2016,"U",,"N","F","C","2016_05_WI0490500_NIBRS",,0
2016,7259998,21183,6,2016,"U",,"N","F","C","2016_06_WI0490500_NIBRS",,0
2016,7282782,21183,7,2016,"U",,"N","F","C","2016_07_WI0490500_NIBRS",,0
2016,7305566,21183,8,2016,"U",,"N","F","C","2016_08_WI0490500_NIBRS",,0
2016,7328350,21183,9,2016,"U",,"N","F","C","2016_09_WI0490500_NIBRS",,0
2016,7351134,21183,10,2016,"U",,"N","F","C","2016_10_WI0490500_NIBRS",,0
2016,7373918,21183,11,2016,"U",,"N","F","C","2016_11_WI0490500_NIBRS",,0
2016,7396702,21183,12,2016,"U",,"N","F","C","2016_12_WI0490500_NIBRS",,0
2016,7146053,21158,1,2016,"I",,"N","F","C","2016_01_WI0450600_NIBRS",,0
2016,7168837,21158,2,2016,"I",,"N","F","C","2016_02_WI0450600_NIBRS",,0
2016,7191621,21158,3,2016,"I",,"N","F","C","2016_03_WI0450600_NIBRS",,0
2016,7214405,21158,4,2016,"I",,"N","F","C","2016_04_WI0450600_NIBRS",,0
2016,7237189,21158,5,2016,"I",,"N","F","C","2016_05_WI0450600_NIBRS",,0
2016,7259973,21158,6,2016,"I",,"N","F","C","2016_06_WI0450600_NIBRS",4893635,0
2016,7282757,21158,7,2016,"I",,"Y","F","C","2016_07_WI0450600_NIBRS",3760813,0
2016,7305541,21158,8,2016,"I",,"N","F","C","2016_08_WI0450600_NIBRS",,0
2016,7328325,21158,9,2016,"I",,"Y","F","C","2016_09_WI0450600_NIBRS",6626960,0
2016,7351109,21158,10,2016,"I",,"N","F","C","2016_10_WI0450600_NIBRS",,0
2016,7373893,21158,11,2016,"I",,"Y","F","C","2016_11_WI0450600_NIBRS",6626983,0
2016,7396677,21158,12,2016,"I",,"N","F","C","2016_12_WI0450600_NIBRS",1378165,0
2016,7146080,21185,1,2016,"U",,"N","F","C","2016_01_WI0490900_NIBRS",,0
2016,7168864,21185,2,2016,"U",,"N","F","C","2016_02_WI0490900_NIBRS",,0
2016,7191648,21185,3,2016,"U",,"N","F","C","2016_03_WI0490900_NIBRS",,0
2016,7214432,21185,4,2016,"U",,"N","F","C","2016_04_WI0490900_NIBRS",,0
2016,7237216,21185,5,2016,"U",,"N","F","C","2016_05_WI0490900_NIBRS",,0
2016,7260000,21185,6,2016,"U",,"N","F","C","2016_06_WI0490900_NIBRS",,0
2016,7282784,21185,7,2016,"U",,"N","F","C","2016_07_WI0490900_NIBRS",,0
2016,7145884,20989,1,2016,"U",,"N","F","C","2016_01_WI0141400_NIBRS",,0
2016,7168668,20989,2,2016,"U",,"N","F","C","2016_02_WI0141400_NIBRS",,0
2016,7191452,20989,3,2016,"U",,"N","F","C","2016_03_WI0141400_NIBRS",,0
2016,7146207,21312,1,2016,"U",,"N","F","C","2016_01_WI0700300_NIBRS",,0
2016,7168991,21312,2,2016,"U",,"N","F","C","2016_02_WI0700300_NIBRS",,0
2016,7191775,21312,3,2016,"U",,"N","F","C","2016_03_WI0700300_NIBRS",,0
2016,7214559,21312,4,2016,"U",,"N","F","C","2016_04_WI0700300_NIBRS",,0
2016,7237343,21312,5,2016,"U",,"N","F","C","2016_05_WI0700300_NIBRS",,0
2016,7260127,21312,6,2016,"U",,"N","F","C","2016_06_WI0700300_NIBRS",,0
2016,7282911,21312,7,2016,"U",,"N","F","C","2016_07_WI0700300_NIBRS",,0
2016,7305695,21312,8,2016,"U",,"N","F","C","2016_08_WI0700300_NIBRS",,0
2016,7328479,21312,9,2016,"U",,"N","F","C","2016_09_WI0700300_NIBRS",,0
2016,7351263,21312,10,2016,"U",,"N","F","C","2016_10_WI0700300_NIBRS",,0
2016,7374047,21312,11,2016,"U",,"N","F","C","2016_11_WI0700300_NIBRS",,0
2016,7396831,21312,12,2016,"U",,"N","F","C","2016_12_WI0700300_NIBRS",,0
2016,7145952,21057,1,2016,"U",,"N","F","C","2016_01_WI0290500_NIBRS",,0
2016,7168736,21057,2,2016,"U",,"N","F","C","2016_02_WI0290500_NIBRS",,0
2016,7146069,21174,1,2016,"U",,"N","F","C","2016_01_WI0470200_NIBRS",,0
2016,7168853,21174,2,2016,"U",,"N","F","C","2016_02_WI0470200_NIBRS",,0
2016,7191637,21174,3,2016,"U",,"N","F","C","2016_03_WI0470200_NIBRS",,0
2016,7214421,21174,4,2016,"U",,"N","F","C","2016_04_WI0470200_NIBRS",,0
2016,7237205,21174,5,2016,"U",,"N","F","C","2016_05_WI0470200_NIBRS",,0
2016,7259989,21174,6,2016,"U",,"N","F","C","2016_06_WI0470200_NIBRS",,0
2016,7282773,21174,7,2016,"U",,"N","F","C","2016_07_WI0470200_NIBRS",,0
2016,7305557,21174,8,2016,"U",,"N","F","C","2016_08_WI0470200_NIBRS",,0
2016,7328341,21174,9,2016,"U",,"N","F","C","2016_09_WI0470200_NIBRS",,0
2016,7351125,21174,10,2016,"U",,"N","F","C","2016_10_WI0470200_NIBRS",,0
2016,7373909,21174,11,2016,"U",,"N","F","C","2016_11_WI0470200_NIBRS",,0
2016,7396693,21174,12,2016,"U",,"N","F","C","2016_12_WI0470200_NIBRS",,0
2016,7146148,21253,1,2016,"U",,"N","F","C","2016_01_WI0630600_NIBRS",,0
2016,7168932,21253,2,2016,"U",,"N","F","C","2016_02_WI0630600_NIBRS",,0
2016,7191716,21253,3,2016,"U",,"N","F","C","2016_03_WI0630600_NIBRS",,0
2016,7214500,21253,4,2016,"U",,"N","F","C","2016_04_WI0630600_NIBRS",,0
2016,7237284,21253,5,2016,"U",,"N","F","C","2016_05_WI0630600_NIBRS",,0
2016,7260068,21253,6,2016,"U",,"N","F","C","2016_06_WI0630600_NIBRS",,0
2016,7282852,21253,7,2016,"U",,"N","F","C","2016_07_WI0630600_NIBRS",,0
2016,7305636,21253,8,2016,"U",,"N","F","C","2016_08_WI0630600_NIBRS",,0
2016,7328420,21253,9,2016,"U",,"N","F","C","2016_09_WI0630600_NIBRS",,0
2016,7351204,21253,10,2016,"U",,"N","F","C","2016_10_WI0630600_NIBRS",,0
2016,7373988,21253,11,2016,"U",,"N","F","C","2016_11_WI0630600_NIBRS",,0
2016,7396772,21253,12,2016,"U",,"N","F","C","2016_12_WI0630600_NIBRS",,0
2016,7145934,21039,1,2016,"U",,"N","F","C","2016_01_WI0250300_NIBRS",,0
2016,7147562,26081,1,2016,"U",,"N","F","C","2016_01_WI0601100_NIBRS",,0
2016,7170346,26081,2,2016,"U",,"N","F","C","2016_02_WI0601100_NIBRS",,0
2016,7193130,26081,3,2016,"U",,"N","F","C","2016_03_WI0601100_NIBRS",,0
2016,7215914,26081,4,2016,"U",,"N","F","C","2016_04_WI0601100_NIBRS",,0
2016,7238698,26081,5,2016,"U",,"N","F","C","2016_05_WI0601100_NIBRS",,0
2016,7261482,26081,6,2016,"U",,"N","F","C","2016_06_WI0601100_NIBRS",,0
2016,7284266,26081,7,2016,"U",,"N","F","C","2016_07_WI0601100_NIBRS",,0
2016,7307050,26081,8,2016,"U",,"N","F","C","2016_08_WI0601100_NIBRS",,0
2016,7329834,26081,9,2016,"U",,"N","F","C","2016_09_WI0601100_NIBRS",,0
2016,7352618,26081,10,2016,"U",,"N","F","C","2016_10_WI0601100_NIBRS",,0
2016,7375402,26081,11,2016,"U",,"N","F","C","2016_11_WI0601100_NIBRS",,0
2016,7398186,26081,12,2016,"U",,"N","F","C","2016_12_WI0601100_NIBRS",,0
2016,7147558,26062,1,2016,"U",,"N","F","C","2016_01_WI0700600_NIBRS",,0
2016,7170342,26062,2,2016,"U",,"N","F","C","2016_02_WI0700600_NIBRS",,0
2016,7193126,26062,3,2016,"U",,"N","F","C","2016_03_WI0700600_NIBRS",,0
2016,7215910,26062,4,2016,"U",,"N","F","C","2016_04_WI0700600_NIBRS",,0
2016,7238694,26062,5,2016,"U",,"N","F","C","2016_05_WI0700600_NIBRS",,0
2016,7261478,26062,6,2016,"U",,"N","F","C","2016_06_WI0700600_NIBRS",,0
2016,7284262,26062,7,2016,"U",,"N","F","C","2016_07_WI0700600_NIBRS",,0
2016,7307046,26062,8,2016,"U",,"N","F","C","2016_08_WI0700600_NIBRS",,0
2016,7329830,26062,9,2016,"U",,"N","F","C","2016_09_WI0700600_NIBRS",,0
2016,7352614,26062,10,2016,"U",,"N","F","C","2016_10_WI0700600_NIBRS",,0
2016,7375398,26062,11,2016,"U",,"N","F","C","2016_11_WI0700600_NIBRS",,0
2016,7398182,26062,12,2016,"U",,"N","F","C","2016_12_WI0700600_NIBRS",,0
2016,7146189,21294,1,2016,"U",,"N","F","C","2016_01_WI0681000_NIBRS",,0
2016,7168973,21294,2,2016,"U",,"N","F","C","2016_02_WI0681000_NIBRS",,0
2016,7191757,21294,3,2016,"U",,"N","F","C","2016_03_WI0681000_NIBRS",,0
2016,7147555,26059,1,2016,"U",,"N","F","C","2016_01_WI0420500_NIBRS",,0
2016,7170339,26059,2,2016,"U",,"N","F","C","2016_02_WI0420500_NIBRS",,0
2016,7193123,26059,3,2016,"U",,"N","F","C","2016_03_WI0420500_NIBRS",,0
2016,7215907,26059,4,2016,"U",,"N","F","C","2016_04_WI0420500_NIBRS",,0
2016,7238691,26059,5,2016,"U",,"N","F","C","2016_05_WI0420500_NIBRS",,0
2016,7261475,26059,6,2016,"U",,"N","F","C","2016_06_WI0420500_NIBRS",,0
2016,7284259,26059,7,2016,"U",,"N","F","C","2016_07_WI0420500_NIBRS",,0
2016,7307043,26059,8,2016,"U",,"N","F","C","2016_08_WI0420500_NIBRS",,0
2016,7329827,26059,9,2016,"U",,"N","F","C","2016_09_WI0420500_NIBRS",,0
2016,7352611,26059,10,2016,"U",,"N","F","C","2016_10_WI0420500_NIBRS",,0
2016,7375395,26059,11,2016,"U",,"N","F","C","2016_11_WI0420500_NIBRS",,0
2016,7398179,26059,12,2016,"U",,"N","F","C","2016_12_WI0420500_NIBRS",,0
2016,7147586,26292,1,2016,"U",,"N","F","C","2016_01_WI0420600_NIBRS",,0
2016,7170370,26292,2,2016,"U",,"N","F","C","2016_02_WI0420600_NIBRS",,0
2016,7193154,26292,3,2016,"U",,"N","F","C","2016_03_WI0420600_NIBRS",,0
2016,7215938,26292,4,2016,"U",,"N","F","C","2016_04_WI0420600_NIBRS",,0
2016,7238722,26292,5,2016,"U",,"N","F","C","2016_05_WI0420600_NIBRS",,0
2016,7261506,26292,6,2016,"U",,"N","F","C","2016_06_WI0420600_NIBRS",,0
2016,7284290,26292,7,2016,"U",,"N","F","C","2016_07_WI0420600_NIBRS",,0
2016,7307074,26292,8,2016,"U",,"N","F","C","2016_08_WI0420600_NIBRS",,0
2016,7329858,26292,9,2016,"U",,"N","F","C","2016_09_WI0420600_NIBRS",,0
2016,7352642,26292,10,2016,"U",,"N","F","C","2016_10_WI0420600_NIBRS",,0
2016,7375426,26292,11,2016,"U",,"N","F","C","2016_11_WI0420600_NIBRS",,0
2016,7398210,26292,12,2016,"U",,"N","F","C","2016_12_WI0420600_NIBRS",,0
2016,7145809,20914,1,2016,"U",,"N","F","C","2016_01_WI0040200_NIBRS",,0
2016,7147268,25415,1,2016,"U",,"N","F","C","2016_01_WI0141100_NIBRS",,0
2016,7170052,25415,2,2016,"U",,"N","F","C","2016_02_WI0141100_NIBRS",,0
2016,7192836,25415,3,2016,"U",,"N","F","C","2016_03_WI0141100_NIBRS",,0
2016,7215620,25415,4,2016,"U",,"N","F","C","2016_04_WI0141100_NIBRS",,0
2016,7238404,25415,5,2016,"U",,"N","F","C","2016_05_WI0141100_NIBRS",,0
2016,7261188,25415,6,2016,"U",,"N","F","C","2016_06_WI0141100_NIBRS",,0
2016,7283972,25415,7,2016,"U",,"N","F","C","2016_07_WI0141100_NIBRS",,0
2016,7306756,25415,8,2016,"U",,"N","F","C","2016_08_WI0141100_NIBRS",,0
2016,7329540,25415,9,2016,"U",,"N","F","C","2016_09_WI0141100_NIBRS",,0
2016,7352324,25415,10,2016,"U",,"N","F","C","2016_10_WI0141100_NIBRS",,0
2016,7375108,25415,11,2016,"U",,"N","F","C","2016_11_WI0141100_NIBRS",,0
2016,7397892,25415,12,2016,"U",,"N","F","C","2016_12_WI0141100_NIBRS",,0
2016,7146149,21254,1,2016,"U",,"N","F","C","2016_01_WI0630800_NIBRS",,0
2016,7147494,25845,1,2016,"U",,"N","F","C","2016_01_WI0700200_NIBRS",,0
2016,7170278,25845,2,2016,"U",,"N","F","C","2016_02_WI0700200_NIBRS",,0
2016,7193062,25845,3,2016,"U",,"N","F","C","2016_03_WI0700200_NIBRS",,0
2016,7215846,25845,4,2016,"U",,"N","F","C","2016_04_WI0700200_NIBRS",,0
2016,7238630,25845,5,2016,"U",,"N","F","C","2016_05_WI0700200_NIBRS",,0
2016,7261414,25845,6,2016,"U",,"N","F","C","2016_06_WI0700200_NIBRS",,0
2016,7284198,25845,7,2016,"U",,"N","F","C","2016_07_WI0700200_NIBRS",,0
2016,7306982,25845,8,2016,"U",,"N","F","C","2016_08_WI0700200_NIBRS",,0
2016,7329766,25845,9,2016,"U",,"N","F","C","2016_09_WI0700200_NIBRS",,0
2016,7352550,25845,10,2016,"U",,"N","F","C","2016_10_WI0700200_NIBRS",,0
2016,7375334,25845,11,2016,"U",,"N","F","C","2016_11_WI0700200_NIBRS",,0
2016,7398118,25845,12,2016,"U",,"N","F","C","2016_12_WI0700200_NIBRS",,0
2016,7169000,21321,2,2016,"U",,"N","F","C","2016_02_WI0710700_NIBRS",,0
2016,7191784,21321,3,2016,"U",,"N","F","C","2016_03_WI0710700_NIBRS",,0
2016,7214568,21321,4,2016,"U",,"N","F","C","2016_04_WI0710700_NIBRS",,0
2016,7237352,21321,5,2016,"U",,"N","F","C","2016_05_WI0710700_NIBRS",,0
2016,7260136,21321,6,2016,"U",,"N","F","C","2016_06_WI0710700_NIBRS",,0
2016,7282920,21321,7,2016,"U",,"N","F","C","2016_07_WI0710700_NIBRS",,0
2016,7305704,21321,8,2016,"U",,"N","F","C","2016_08_WI0710700_NIBRS",,0
2016,7328488,21321,9,2016,"U",,"N","F","C","2016_09_WI0710700_NIBRS",,0
2016,7351272,21321,10,2016,"U",,"N","F","C","2016_10_WI0710700_NIBRS",,0
2016,7146222,21327,1,2016,"U",,"N","F","C","2016_01_WIDI01000_NIBRS",,0
2016,7169006,21327,2,2016,"U",,"N","F","C","2016_02_WIDI01000_NIBRS",,0
2016,7191790,21327,3,2016,"U",,"N","F","C","2016_03_WIDI01000_NIBRS",,0
2016,7214574,21327,4,2016,"U",,"N","F","C","2016_04_WIDI01000_NIBRS",,0
2016,7237358,21327,5,2016,"U",,"N","F","C","2016_05_WIDI01000_NIBRS",,0
2016,7260142,21327,6,2016,"U",,"N","F","C","2016_06_WIDI01000_NIBRS",,0
2016,7282926,21327,7,2016,"U",,"N","F","C","2016_07_WIDI01000_NIBRS",,0
2016,7305710,21327,8,2016,"U",,"N","F","C","2016_08_WIDI01000_NIBRS",,0
2016,7328494,21327,9,2016,"U",,"N","F","C","2016_09_WIDI01000_NIBRS",,0
2016,7351278,21327,10,2016,"U",,"N","F","C","2016_10_WIDI01000_NIBRS",,0
2016,7374062,21327,11,2016,"U",,"N","F","C","2016_11_WIDI01000_NIBRS",,0
2016,7396846,21327,12,2016,"U",,"N","F","C","2016_12_WIDI01000_NIBRS",,0
2016,7145860,20965,1,2016,"U",,"N","F","C","2016_01_WI0131400_NIBRS",,0
2016,7168644,20965,2,2016,"U",,"N","F","C","2016_02_WI0131400_NIBRS",,0
2016,7191428,20965,3,2016,"U",,"N","F","C","2016_03_WI0131400_NIBRS",,0
2016,7214212,20965,4,2016,"U",,"N","F","C","2016_04_WI0131400_NIBRS",,0
2016,7236996,20965,5,2016,"U",,"N","F","C","2016_05_WI0131400_NIBRS",,0
2016,7259780,20965,6,2016,"U",,"N","F","C","2016_06_WI0131400_NIBRS",,0
2016,7282564,20965,7,2016,"U",,"N","F","C","2016_07_WI0131400_NIBRS",,0
2016,7305348,20965,8,2016,"U",,"N","F","C","2016_08_WI0131400_NIBRS",,0
2016,7328132,20965,9,2016,"U",,"N","F","C","2016_09_WI0131400_NIBRS",,0
2016,7350916,20965,10,2016,"U",,"N","F","C","2016_10_WI0131400_NIBRS",,0
2016,7373700,20965,11,2016,"U",,"N","F","C","2016_11_WI0131400_NIBRS",,0
2016,7396484,20965,12,2016,"U",,"N","F","C","2016_12_WI0131400_NIBRS",,0
2016,7351030,21079,10,2016,"U",,"N","F","C","2016_10_WI0330600_NIBRS",,0
2016,7373814,21079,11,2016,"U",,"N","F","C","2016_11_WI0330600_NIBRS",,0
2016,7396598,21079,12,2016,"U",,"N","F","C","2016_12_WI0330600_NIBRS",,0
2016,7145975,21080,1,2016,"U",,"N","F","C","2016_01_WI0330700_NIBRS",,0
2016,7168759,21080,2,2016,"U",,"N","F","C","2016_02_WI0330700_NIBRS",,0
2016,7191543,21080,3,2016,"U",,"N","F","C","2016_03_WI0330700_NIBRS",,0
2016,7214327,21080,4,2016,"U",,"N","F","C","2016_04_WI0330700_NIBRS",,0
2016,7237111,21080,5,2016,"U",,"N","F","C","2016_05_WI0330700_NIBRS",,0
2016,7146034,21139,1,2016,"U",,"N","F","C","2016_01_WI0420100_NIBRS",,0
2016,7168818,21139,2,2016,"U",,"N","F","C","2016_02_WI0420100_NIBRS",,0
2016,7191602,21139,3,2016,"U",,"N","F","C","2016_03_WI0420100_NIBRS",,0
2016,7214386,21139,4,2016,"U",,"N","F","C","2016_04_WI0420100_NIBRS",,0
2016,7237170,21139,5,2016,"U",,"N","F","C","2016_05_WI0420100_NIBRS",,0
2016,7259954,21139,6,2016,"U",,"N","F","C","2016_06_WI0420100_NIBRS",,0
2016,7282738,21139,7,2016,"U",,"N","F","C","2016_07_WI0420100_NIBRS",,0
2016,7305522,21139,8,2016,"U",,"N","F","C","2016_08_WI0420100_NIBRS",,0
2016,7328306,21139,9,2016,"U",,"N","F","C","2016_09_WI0420100_NIBRS",,0
2016,7351090,21139,10,2016,"U",,"N","F","C","2016_10_WI0420100_NIBRS",,0
2016,7373874,21139,11,2016,"U",,"N","F","C","2016_11_WI0420100_NIBRS",,0
2016,7396658,21139,12,2016,"U",,"N","F","C","2016_12_WI0420100_NIBRS",,0
2016,7145992,21097,1,2016,"U",,"N","F","C","2016_01_WI0370400_NIBRS",,0
2016,7168776,21097,2,2016,"U",,"N","F","C","2016_02_WI0370400_NIBRS",,0
2016,7191560,21097,3,2016,"U",,"N","F","C","2016_03_WI0370400_NIBRS",,0
2016,7214344,21097,4,2016,"U",,"N","F","C","2016_04_WI0370400_NIBRS",,0
2016,7237128,21097,5,2016,"U",,"N","F","C","2016_05_WI0370400_NIBRS",,0
2016,7259912,21097,6,2016,"U",,"N","F","C","2016_06_WI0370400_NIBRS",,0
2016,7145929,21034,1,2016,"U",,"N","F","C","2016_01_WI0240400_NIBRS",,0
2016,7168713,21034,2,2016,"U",,"N","F","C","2016_02_WI0240400_NIBRS",,0
2016,7191497,21034,3,2016,"U",,"N","F","C","2016_03_WI0240400_NIBRS",,0
2016,7214281,21034,4,2016,"U",,"N","F","C","2016_04_WI0240400_NIBRS",,0
2016,7237065,21034,5,2016,"U",,"N","F","C","2016_05_WI0240400_NIBRS",,0
2016,7259849,21034,6,2016,"U",,"N","F","C","2016_06_WI0240400_NIBRS",,0
2016,7282633,21034,7,2016,"U",,"N","F","C","2016_07_WI0240400_NIBRS",,0
2016,7305417,21034,8,2016,"U",,"N","F","C","2016_08_WI0240400_NIBRS",,0
2016,7328201,21034,9,2016,"U",,"N","F","C","2016_09_WI0240400_NIBRS",,0
2016,7350985,21034,10,2016,"U",,"N","F","C","2016_10_WI0240400_NIBRS",,0
2016,7373769,21034,11,2016,"U",,"N","F","C","2016_11_WI0240400_NIBRS",,0
2016,7396553,21034,12,2016,"U",,"N","F","C","2016_12_WI0240400_NIBRS",,0
2016,7145910,21015,1,2016,"U",,"N","F","C","2016_01_WI0201200_NIBRS",,0
2016,7168694,21015,2,2016,"U",,"N","F","C","2016_02_WI0201200_NIBRS",,0
2016,7191478,21015,3,2016,"U",,"N","F","C","2016_03_WI0201200_NIBRS",,0
2016,7214262,21015,4,2016,"U",,"N","F","C","2016_04_WI0201200_NIBRS",,0
2016,7237046,21015,5,2016,"U",,"N","F","C","2016_05_WI0201200_NIBRS",,0
2016,7259830,21015,6,2016,"U",,"N","F","C","2016_06_WI0201200_NIBRS",,0
2016,7282614,21015,7,2016,"U",,"N","F","C","2016_07_WI0201200_NIBRS",,0
2016,7305398,21015,8,2016,"U",,"N","F","C","2016_08_WI0201200_NIBRS",,0
2016,7328182,21015,9,2016,"U",,"N","F","C","2016_09_WI0201200_NIBRS",,0
2016,7350966,21015,10,2016,"U",,"N","F","C","2016_10_WI0201200_NIBRS",,0
2016,7373750,21015,11,2016,"U",,"N","F","C","2016_11_WI0201200_NIBRS",,0
2016,7396534,21015,12,2016,"U",,"N","F","C","2016_12_WI0201200_NIBRS",,0
2016,7146141,21246,1,2016,"U",,"N","F","C","2016_01_WI0620800_NIBRS",,0
2016,7168925,21246,2,2016,"U",,"N","F","C","2016_02_WI0620800_NIBRS",,0
2016,7191709,21246,3,2016,"U",,"N","F","C","2016_03_WI0620800_NIBRS",,0
2016,7214493,21246,4,2016,"U",,"N","F","C","2016_04_WI0620800_NIBRS",,0
2016,7145930,21035,1,2016,"U",,"N","F","C","2016_01_WI0240500_NIBRS",,0
2016,7168714,21035,2,2016,"U",,"N","F","C","2016_02_WI0240500_NIBRS",,0
2016,7147270,25417,1,2016,"U",,"N","F","C","2016_01_WI0490300_NIBRS",,0
2016,7170054,25417,2,2016,"U",,"N","F","C","2016_02_WI0490300_NIBRS",,0
2016,7192838,25417,3,2016,"U",,"N","F","C","2016_03_WI0490300_NIBRS",,0
2016,7215622,25417,4,2016,"U",,"N","F","C","2016_04_WI0490300_NIBRS",,0
2016,7238406,25417,5,2016,"U",,"N","F","C","2016_05_WI0490300_NIBRS",,0
2016,7261190,25417,6,2016,"U",,"N","F","C","2016_06_WI0490300_NIBRS",,0
2016,7283974,25417,7,2016,"U",,"N","F","C","2016_07_WI0490300_NIBRS",,0
2016,7306758,25417,8,2016,"U",,"N","F","C","2016_08_WI0490300_NIBRS",,0
2016,7329542,25417,9,2016,"U",,"N","F","C","2016_09_WI0490300_NIBRS",,0
2016,7352326,25417,10,2016,"U",,"N","F","C","2016_10_WI0490300_NIBRS",,0
2016,7375110,25417,11,2016,"U",,"N","F","C","2016_11_WI0490300_NIBRS",,0
2016,7397894,25417,12,2016,"U",,"N","F","C","2016_12_WI0490300_NIBRS",,0
2016,7147457,25769,1,2016,"U",,"N","F","C","2016_01_WI0170200_NIBRS",,0
2016,7170241,25769,2,2016,"U",,"N","F","C","2016_02_WI0170200_NIBRS",,0
2016,7193025,25769,3,2016,"U",,"N","F","C","2016_03_WI0170200_NIBRS",,0
2016,7215809,25769,4,2016,"U",,"N","F","C","2016_04_WI0170200_NIBRS",,0
2016,7238593,25769,5,2016,"U",,"N","F","C","2016_05_WI0170200_NIBRS",,0
2016,7261377,25769,6,2016,"U",,"N","F","C","2016_06_WI0170200_NIBRS",,0
2016,7284161,25769,7,2016,"U",,"N","F","C","2016_07_WI0170200_NIBRS",,0
2016,7306945,25769,8,2016,"U",,"N","F","C","2016_08_WI0170200_NIBRS",,0
2016,7329729,25769,9,2016,"U",,"N","F","C","2016_09_WI0170200_NIBRS",,0
2016,7352513,25769,10,2016,"U",,"N","F","C","2016_10_WI0170200_NIBRS",,0
2016,7375297,25769,11,2016,"U",,"N","F","C","2016_11_WI0170200_NIBRS",,0
2016,7398081,25769,12,2016,"U",,"N","F","C","2016_12_WI0170200_NIBRS",,0
2016,7145984,21089,1,2016,"U",,"N","F","C","2016_01_WI0360400_NIBRS",,0
2016,7168768,21089,2,2016,"U",,"N","F","C","2016_02_WI0360400_NIBRS",,0
2016,7191552,21089,3,2016,"U",,"N","F","C","2016_03_WI0360400_NIBRS",,0
2016,7214336,21089,4,2016,"U",,"N","F","C","2016_04_WI0360400_NIBRS",,0
2016,7237120,21089,5,2016,"U",,"N","F","C","2016_05_WI0360400_NIBRS",,0
2016,7259904,21089,6,2016,"U",,"N","F","C","2016_06_WI0360400_NIBRS",,0
2016,7282688,21089,7,2016,"U",,"N","F","C","2016_07_WI0360400_NIBRS",,0
2016,7305472,21089,8,2016,"U",,"N","F","C","2016_08_WI0360400_NIBRS",,0
2016,7328256,21089,9,2016,"U",,"N","F","C","2016_09_WI0360400_NIBRS",,0
2016,7351040,21089,10,2016,"U",,"N","F","C","2016_10_WI0360400_NIBRS",,0
2016,7145864,20969,1,2016,"U",,"N","F","C","2016_01_WI0132300_NIBRS",,0
2016,7168648,20969,2,2016,"U",,"N","F","C","2016_02_WI0132300_NIBRS",,0
2016,7191432,20969,3,2016,"U",,"N","F","C","2016_03_WI0132300_NIBRS",,0
2016,7214216,20969,4,2016,"U",,"N","F","C","2016_04_WI0132300_NIBRS",,0
2016,7237000,20969,5,2016,"U",,"N","F","C","2016_05_WI0132300_NIBRS",,0
2016,7259784,20969,6,2016,"U",,"N","F","C","2016_06_WI0132300_NIBRS",,0
2016,7282568,20969,7,2016,"U",,"N","F","C","2016_07_WI0132300_NIBRS",,0
2016,7305352,20969,8,2016,"U",,"N","F","C","2016_08_WI0132300_NIBRS",,0
2016,7328136,20969,9,2016,"U",,"N","F","C","2016_09_WI0132300_NIBRS",,0
2016,7350920,20969,10,2016,"U",,"N","F","C","2016_10_WI0132300_NIBRS",,0
2016,7373704,20969,11,2016,"U",,"N","F","C","2016_11_WI0132300_NIBRS",,0
2016,7396488,20969,12,2016,"U",,"N","F","C","2016_12_WI0132300_NIBRS",,0
2016,7305568,21185,8,2016,"U",,"N","F","C","2016_08_WI0490900_NIBRS",,0
2016,7328352,21185,9,2016,"U",,"N","F","C","2016_09_WI0490900_NIBRS",,0
2016,7351136,21185,10,2016,"U",,"N","F","C","2016_10_WI0490900_NIBRS",,0
2016,7373920,21185,11,2016,"U",,"N","F","C","2016_11_WI0490900_NIBRS",,0
2016,7396704,21185,12,2016,"U",,"N","F","C","2016_12_WI0490900_NIBRS",,0
2016,7214236,20989,4,2016,"U",,"N","F","C","2016_04_WI0141400_NIBRS",,0
2016,7237020,20989,5,2016,"U",,"N","F","C","2016_05_WI0141400_NIBRS",,0
2016,7259804,20989,6,2016,"U",,"N","F","C","2016_06_WI0141400_NIBRS",,0
2016,7282588,20989,7,2016,"U",,"N","F","C","2016_07_WI0141400_NIBRS",,0
2016,7305372,20989,8,2016,"U",,"N","F","C","2016_08_WI0141400_NIBRS",,0
2016,7328156,20989,9,2016,"U",,"N","F","C","2016_09_WI0141400_NIBRS",,0
2016,7350940,20989,10,2016,"U",,"N","F","C","2016_10_WI0141400_NIBRS",,0
2016,7373724,20989,11,2016,"U",,"N","F","C","2016_11_WI0141400_NIBRS",,0
2016,7396508,20989,12,2016,"U",,"N","F","C","2016_12_WI0141400_NIBRS",,0
2016,7191520,21057,3,2016,"U",,"N","F","C","2016_03_WI0290500_NIBRS",,0
2016,7214304,21057,4,2016,"U",,"N","F","C","2016_04_WI0290500_NIBRS",,0
2016,7237088,21057,5,2016,"U",,"N","F","C","2016_05_WI0290500_NIBRS",,0
2016,7259872,21057,6,2016,"U",,"N","F","C","2016_06_WI0290500_NIBRS",,0
2016,7282656,21057,7,2016,"U",,"N","F","C","2016_07_WI0290500_NIBRS",,0
2016,7305440,21057,8,2016,"U",,"N","F","C","2016_08_WI0290500_NIBRS",,0
2016,7328224,21057,9,2016,"U",,"N","F","C","2016_09_WI0290500_NIBRS",,0
2016,7351008,21057,10,2016,"U",,"N","F","C","2016_10_WI0290500_NIBRS",,0
2016,7373792,21057,11,2016,"U",,"N","F","C","2016_11_WI0290500_NIBRS",,0
2016,7396576,21057,12,2016,"U",,"N","F","C","2016_12_WI0290500_NIBRS",,0
2016,7145972,21077,1,2016,"U",,"N","F","C","2016_01_WI0330200_NIBRS",,0
2016,7168756,21077,2,2016,"U",,"N","F","C","2016_02_WI0330200_NIBRS",,0
2016,7191540,21077,3,2016,"U",,"N","F","C","2016_03_WI0330200_NIBRS",,0
2016,7214324,21077,4,2016,"U",,"N","F","C","2016_04_WI0330200_NIBRS",,0
2016,7237108,21077,5,2016,"U",,"N","F","C","2016_05_WI0330200_NIBRS",,0
2016,7259892,21077,6,2016,"U",,"N","F","C","2016_06_WI0330200_NIBRS",,0
2016,7282676,21077,7,2016,"U",,"N","F","C","2016_07_WI0330200_NIBRS",,0
2016,7305460,21077,8,2016,"U",,"N","F","C","2016_08_WI0330200_NIBRS",,0
2016,7328244,21077,9,2016,"U",,"N","F","C","2016_09_WI0330200_NIBRS",,0
2016,7351028,21077,10,2016,"U",,"N","F","C","2016_10_WI0330200_NIBRS",,0
2016,7373812,21077,11,2016,"U",,"N","F","C","2016_11_WI0330200_NIBRS",,0
2016,7396596,21077,12,2016,"U",,"N","F","C","2016_12_WI0330200_NIBRS",,0
2016,7147298,25574,1,2016,"U",,"N","F","C","2016_01_WI0630100_NIBRS",,0
2016,7170082,25574,2,2016,"U",,"N","F","C","2016_02_WI0630100_NIBRS",,0
2016,7192866,25574,3,2016,"U",,"N","F","C","2016_03_WI0630100_NIBRS",,0
2016,7215650,25574,4,2016,"U",,"N","F","C","2016_04_WI0630100_NIBRS",,0
2016,7238434,25574,5,2016,"U",,"N","F","C","2016_05_WI0630100_NIBRS",,0
2016,7261218,25574,6,2016,"U",,"N","F","C","2016_06_WI0630100_NIBRS",,0
2016,7284002,25574,7,2016,"U",,"N","F","C","2016_07_WI0630100_NIBRS",,0
2016,7306786,25574,8,2016,"U",,"N","F","C","2016_08_WI0630100_NIBRS",,0
2016,7329570,25574,9,2016,"U",,"N","F","C","2016_09_WI0630100_NIBRS",,0
2016,7352354,25574,10,2016,"U",,"N","F","C","2016_10_WI0630100_NIBRS",,0
2016,7375138,25574,11,2016,"U",,"N","F","C","2016_11_WI0630100_NIBRS",,0
2016,7397922,25574,12,2016,"U",,"N","F","C","2016_12_WI0630100_NIBRS",,0
2016,7145825,20930,1,2016,"I",,"N","F","C","2016_01_WI0070200_NIBRS",,0
2016,7168609,20930,2,2016,"I",,"N","F","C","2016_02_WI0070200_NIBRS",,0
2016,7191393,20930,3,2016,"I",,"Y","F","C","2016_03_WI0070200_NIBRS",15683651,0
2016,7214177,20930,4,2016,"I",,"N","F","C","2016_04_WI0070200_NIBRS",,0
2016,7236961,20930,5,2016,"I",,"Y","F","C","2016_05_WI0070200_NIBRS",4890463,0
2016,7259745,20930,6,2016,"I",,"N","F","C","2016_06_WI0070200_NIBRS",,0
2016,7282529,20930,7,2016,"I",,"Y","F","C","2016_07_WI0070200_NIBRS",3661253,0
2016,7305313,20930,8,2016,"I",,"N","F","C","2016_08_WI0070200_NIBRS",,0
2016,7328097,20930,9,2016,"I",,"Y","F","C","2016_09_WI0070200_NIBRS",3661291,0
2016,7350881,20930,10,2016,"I",,"Y","F","C","2016_10_WI0070200_NIBRS",3661344,0
2016,7373665,20930,11,2016,"I",,"Y","F","C","2016_11_WI0070200_NIBRS",2253039,0
2016,7146150,21255,1,2016,"U",,"N","F","C","2016_01_WI0630900_NIBRS",,0
2016,7168934,21255,2,2016,"U",,"N","F","C","2016_02_WI0630900_NIBRS",,0
2016,7191718,21255,3,2016,"U",,"N","F","C","2016_03_WI0630900_NIBRS",,0
2016,7214502,21255,4,2016,"U",,"N","F","C","2016_04_WI0630900_NIBRS",,0
2016,7237286,21255,5,2016,"U",,"N","F","C","2016_05_WI0630900_NIBRS",,0
2016,7147154,25299,1,2016,"U",,"N","F","C","2016_01_WI0610300_NIBRS",,0
2016,7169938,25299,2,2016,"U",,"N","F","C","2016_02_WI0610300_NIBRS",,0
2016,7192722,25299,3,2016,"U",,"N","F","C","2016_03_WI0610300_NIBRS",,0
2016,7215506,25299,4,2016,"U",,"N","F","C","2016_04_WI0610300_NIBRS",,0
2016,7238290,25299,5,2016,"U",,"N","F","C","2016_05_WI0610300_NIBRS",,0
2016,7261074,25299,6,2016,"U",,"N","F","C","2016_06_WI0610300_NIBRS",,0
2016,7283858,25299,7,2016,"U",,"N","F","C","2016_07_WI0610300_NIBRS",,0
2016,7306642,25299,8,2016,"U",,"N","F","C","2016_08_WI0610300_NIBRS",,0
2016,7329426,25299,9,2016,"U",,"N","F","C","2016_09_WI0610300_NIBRS",,0
2016,7352210,25299,10,2016,"U",,"N","F","C","2016_10_WI0610300_NIBRS",,0
2016,7374994,25299,11,2016,"U",,"N","F","C","2016_11_WI0610300_NIBRS",,0
2016,7397778,25299,12,2016,"U",,"N","F","C","2016_12_WI0610300_NIBRS",,0
2016,7145821,20926,1,2016,"U",,"N","F","C","2016_01_WI0060200_NIBRS",,0
2016,7168605,20926,2,2016,"U",,"N","F","C","2016_02_WI0060200_NIBRS",,0
2016,7191389,20926,3,2016,"U",,"N","F","C","2016_03_WI0060200_NIBRS",,0
2016,7214173,20926,4,2016,"U",,"N","F","C","2016_04_WI0060200_NIBRS",,0
2016,7236957,20926,5,2016,"U",,"N","F","C","2016_05_WI0060200_NIBRS",,0
2016,7259741,20926,6,2016,"U",,"N","F","C","2016_06_WI0060200_NIBRS",,0
2016,7282525,20926,7,2016,"U",,"N","F","C","2016_07_WI0060200_NIBRS",,0
2016,7305309,20926,8,2016,"U",,"N","F","C","2016_08_WI0060200_NIBRS",,0
2016,7328093,20926,9,2016,"U",,"N","F","C","2016_09_WI0060200_NIBRS",,0
2016,7350877,20926,10,2016,"U",,"N","F","C","2016_10_WI0060200_NIBRS",,0
2016,7373661,20926,11,2016,"U",,"N","F","C","2016_11_WI0060200_NIBRS",,0
2016,7396445,20926,12,2016,"U",,"N","F","C","2016_12_WI0060200_NIBRS",,0
2016,7147116,24043,1,2016,"U",,"N","F","C","2016_01_WI0060100_NIBRS",,0
2016,7169900,24043,2,2016,"U",,"N","F","C","2016_02_WI0060100_NIBRS",,0
2016,7192684,24043,3,2016,"U",,"N","F","C","2016_03_WI0060100_NIBRS",,0
2016,7215468,24043,4,2016,"U",,"N","F","C","2016_04_WI0060100_NIBRS",,0
2016,7238252,24043,5,2016,"U",,"N","F","C","2016_05_WI0060100_NIBRS",,0
2016,7261036,24043,6,2016,"U",,"N","F","C","2016_06_WI0060100_NIBRS",,0
2016,7283820,24043,7,2016,"U",,"N","F","C","2016_07_WI0060100_NIBRS",,0
2016,7306604,24043,8,2016,"U",,"N","F","C","2016_08_WI0060100_NIBRS",,0
2016,7329388,24043,9,2016,"U",,"N","F","C","2016_09_WI0060100_NIBRS",,0
2016,7352172,24043,10,2016,"U",,"N","F","C","2016_10_WI0060100_NIBRS",,0
2016,7374956,24043,11,2016,"U",,"N","F","C","2016_11_WI0060100_NIBRS",,0
2016,7397740,24043,12,2016,"U",,"N","F","C","2016_12_WI0060100_NIBRS",,0
2016,7168718,21039,2,2016,"U",,"N","F","C","2016_02_WI0250300_NIBRS",,0
2016,7191502,21039,3,2016,"U",,"N","F","C","2016_03_WI0250300_NIBRS",,0
2016,7214286,21039,4,2016,"U",,"N","F","C","2016_04_WI0250300_NIBRS",,0
2016,7237070,21039,5,2016,"U",,"N","F","C","2016_05_WI0250300_NIBRS",,0
2016,7259854,21039,6,2016,"U",,"N","F","C","2016_06_WI0250300_NIBRS",,0
2016,7282638,21039,7,2016,"U",,"N","F","C","2016_07_WI0250300_NIBRS",,0
2016,7305422,21039,8,2016,"U",,"N","F","C","2016_08_WI0250300_NIBRS",,0
2016,7328206,21039,9,2016,"U",,"N","F","C","2016_09_WI0250300_NIBRS",,0
2016,7350990,21039,10,2016,"U",,"N","F","C","2016_10_WI0250300_NIBRS",,0
2016,7373774,21039,11,2016,"U",,"N","F","C","2016_11_WI0250300_NIBRS",,0
2016,7396558,21039,12,2016,"U",,"N","F","C","2016_12_WI0250300_NIBRS",,0
2016,7145935,21040,1,2016,"U",,"N","F","C","2016_01_WI0250800_NIBRS",,0
2016,7168719,21040,2,2016,"U",,"N","F","C","2016_02_WI0250800_NIBRS",,0
2016,7191503,21040,3,2016,"U",,"N","F","C","2016_03_WI0250800_NIBRS",,0
2016,7214287,21040,4,2016,"U",,"N","F","C","2016_04_WI0250800_NIBRS",,0
2016,7237071,21040,5,2016,"U",,"N","F","C","2016_05_WI0250800_NIBRS",,0
2016,7259855,21040,6,2016,"U",,"N","F","C","2016_06_WI0250800_NIBRS",,0
2016,7373652,20917,11,2016,"I",,"Y","F","C","2016_11_WI0050100_NIBRS",9844415,0
2016,7396436,20917,12,2016,"I",,"Y","F","C","2016_12_WI0050100_NIBRS",15682238,0
2016,7146000,21105,1,2016,"U",,"N","F","C","2016_01_WI0380000_NIBRS",,0
2016,7168784,21105,2,2016,"U",,"N","F","C","2016_02_WI0380000_NIBRS",,0
2016,7191568,21105,3,2016,"U",,"N","F","C","2016_03_WI0380000_NIBRS",,0
2016,7214352,21105,4,2016,"U",,"N","F","C","2016_04_WI0380000_NIBRS",,0
2016,7237136,21105,5,2016,"U",,"N","F","C","2016_05_WI0380000_NIBRS",,0
2016,7259920,21105,6,2016,"U",,"N","F","C","2016_06_WI0380000_NIBRS",,0
2016,7282704,21105,7,2016,"U",,"N","F","C","2016_07_WI0380000_NIBRS",,0
2016,7305488,21105,8,2016,"U",,"N","F","C","2016_08_WI0380000_NIBRS",,0
2016,7328272,21105,9,2016,"U",,"N","F","C","2016_09_WI0380000_NIBRS",,0
2016,7351056,21105,10,2016,"U",,"N","F","C","2016_10_WI0380000_NIBRS",,0
2016,7373840,21105,11,2016,"U",,"N","F","C","2016_11_WI0380000_NIBRS",,0
2016,7396624,21105,12,2016,"U",,"N","F","C","2016_12_WI0380000_NIBRS",,0
2016,7146185,21290,1,2016,"I",,"Y","F","C","2016_01_WI0680600_NIBRS",17241279,0
2016,7168969,21290,2,2016,"I",,"Y","F","C","2016_02_WI0680600_NIBRS",17241324,0
2016,7191753,21290,3,2016,"I",,"Y","F","C","2016_03_WI0680600_NIBRS",17241364,0
2016,7214537,21290,4,2016,"I",,"Y","F","C","2016_04_WI0680600_NIBRS",17241448,0
2016,7237321,21290,5,2016,"I",,"Y","F","C","2016_05_WI0680600_NIBRS",17241499,0
2016,7260105,21290,6,2016,"I",,"Y","F","C","2016_06_WI0680600_NIBRS",17241591,0
2016,7282889,21290,7,2016,"I",,"Y","F","C","2016_07_WI0680600_NIBRS",17241723,0
2016,7305673,21290,8,2016,"I",,"Y","F","C","2016_08_WI0680600_NIBRS",17241780,0
2016,7328457,21290,9,2016,"I",,"Y","F","C","2016_09_WI0680600_NIBRS",17241854,0
2016,7351241,21290,10,2016,"I",,"Y","F","C","2016_10_WI0680600_NIBRS",17241905,0
2016,7374025,21290,11,2016,"I",,"Y","F","C","2016_11_WI0680600_NIBRS",17241996,0
2016,7396809,21290,12,2016,"I",,"Y","F","C","2016_12_WI0680600_NIBRS",17242112,0
2016,7145826,20931,1,2016,"I",,"Y","F","C","2016_01_WI0080000_NIBRS",3663882,0
2016,7168610,20931,2,2016,"I",,"Y","F","C","2016_02_WI0080000_NIBRS",7684144,0
2016,7191394,20931,3,2016,"I",,"Y","F","C","2016_03_WI0080000_NIBRS",6516468,0
2016,7214178,20931,4,2016,"I",,"Y","F","C","2016_04_WI0080000_NIBRS",15685489,0
2016,7236962,20931,5,2016,"I",,"Y","F","C","2016_05_WI0080000_NIBRS",7683529,0
2016,7259746,20931,6,2016,"I",,"Y","F","C","2016_06_WI0080000_NIBRS",2253328,0
2016,7282530,20931,7,2016,"I",,"Y","F","C","2016_07_WI0080000_NIBRS",6516600,0
2016,7305314,20931,8,2016,"I",,"Y","F","C","2016_08_WI0080000_NIBRS",15685547,0
2016,7328098,20931,9,2016,"I",,"Y","F","C","2016_09_WI0080000_NIBRS",15686135,0
2016,7350882,20931,10,2016,"I",,"Y","F","C","2016_10_WI0080000_NIBRS",15685588,0
2016,7373666,20931,11,2016,"I",,"Y","F","C","2016_11_WI0080000_NIBRS",7684222,0
2016,7396450,20931,12,2016,"I",,"Y","F","C","2016_12_WI0080000_NIBRS",7684292,0
2016,7145850,20955,1,2016,"I",,"Y","F","C","2016_01_WI0130100_NIBRS",15705302,0
2016,7168634,20955,2,2016,"I",,"Y","F","C","2016_02_WI0130100_NIBRS",15705745,0
2016,7191418,20955,3,2016,"I",,"Y","F","C","2016_03_WI0130100_NIBRS",15706244,0
2016,7214202,20955,4,2016,"I",,"Y","F","C","2016_04_WI0130100_NIBRS",15706806,0
2016,7236986,20955,5,2016,"I",,"Y","F","C","2016_05_WI0130100_NIBRS",15707376,0
2016,7259770,20955,6,2016,"I",,"Y","F","C","2016_06_WI0130100_NIBRS",15707872,0
2016,7282554,20955,7,2016,"I",,"Y","F","C","2016_07_WI0130100_NIBRS",15708300,0
2016,7305338,20955,8,2016,"I",,"Y","F","C","2016_08_WI0130100_NIBRS",15708751,0
2016,7328122,20955,9,2016,"I",,"Y","F","C","2016_09_WI0130100_NIBRS",15709242,0
2016,7350906,20955,10,2016,"I",,"Y","F","C","2016_10_WI0130100_NIBRS",15709810,0
2016,7373690,20955,11,2016,"I",,"Y","F","C","2016_11_WI0130100_NIBRS",15710516,0
2016,7396474,20955,12,2016,"I",,"Y","F","C","2016_12_WI0130100_NIBRS",15710966,0
2016,7329861,26309,9,2016,"U",,"N","F","C","2016_09_WI0132900_NIBRS",,0
2016,7352645,26309,10,2016,"U",,"N","F","C","2016_10_WI0132900_NIBRS",,0
2016,7375429,26309,11,2016,"U",,"N","F","C","2016_11_WI0132900_NIBRS",,0
2016,7398213,26309,12,2016,"U",,"N","F","C","2016_12_WI0132900_NIBRS",,0
2016,7146146,21251,1,2016,"U",,"N","F","C","2016_01_WI0630300_NIBRS",,0
2016,7168930,21251,2,2016,"U",,"N","F","C","2016_02_WI0630300_NIBRS",,0
2016,7191714,21251,3,2016,"U",,"N","F","C","2016_03_WI0630300_NIBRS",,0
2016,7214498,21251,4,2016,"U",,"N","F","C","2016_04_WI0630300_NIBRS",,0
2016,7237282,21251,5,2016,"U",,"N","F","C","2016_05_WI0630300_NIBRS",,0
2016,7260066,21251,6,2016,"U",,"N","F","C","2016_06_WI0630300_NIBRS",,0
2016,7282850,21251,7,2016,"U",,"N","F","C","2016_07_WI0630300_NIBRS",,0
2016,7305634,21251,8,2016,"U",,"N","F","C","2016_08_WI0630300_NIBRS",,0
2016,7328418,21251,9,2016,"U",,"N","F","C","2016_09_WI0630300_NIBRS",,0
2016,7351202,21251,10,2016,"U",,"N","F","C","2016_10_WI0630300_NIBRS",,0
2016,7373986,21251,11,2016,"U",,"N","F","C","2016_11_WI0630300_NIBRS",,0
2016,7396770,21251,12,2016,"U",,"N","F","C","2016_12_WI0630300_NIBRS",,0
2016,7145858,20963,1,2016,"U",,"N","F","C","2016_01_WI0131200_NIBRS",,0
2016,7168642,20963,2,2016,"U",,"N","F","C","2016_02_WI0131200_NIBRS",,0
2016,7191426,20963,3,2016,"U",,"N","F","C","2016_03_WI0131200_NIBRS",,0
2016,7214210,20963,4,2016,"U",,"N","F","C","2016_04_WI0131200_NIBRS",,0
2016,7236994,20963,5,2016,"U",,"N","F","C","2016_05_WI0131200_NIBRS",,0
2016,7259778,20963,6,2016,"U",,"N","F","C","2016_06_WI0131200_NIBRS",,0
2016,7282562,20963,7,2016,"U",,"N","F","C","2016_07_WI0131200_NIBRS",,0
2016,7305346,20963,8,2016,"U",,"N","F","C","2016_08_WI0131200_NIBRS",,0
2016,7328130,20963,9,2016,"U",,"N","F","C","2016_09_WI0131200_NIBRS",,0
2016,7350914,20963,10,2016,"U",,"N","F","C","2016_10_WI0131200_NIBRS",,0
2016,7373698,20963,11,2016,"U",,"N","F","C","2016_11_WI0131200_NIBRS",,0
2016,7396482,20963,12,2016,"U",,"N","F","C","2016_12_WI0131200_NIBRS",,0
2016,7146138,21243,1,2016,"U",,"N","F","C","2016_01_WI0620300_NIBRS",,0
2016,7168922,21243,2,2016,"U",,"N","F","C","2016_02_WI0620300_NIBRS",,0
2016,7191706,21243,3,2016,"U",,"N","F","C","2016_03_WI0620300_NIBRS",,0
2016,7214490,21243,4,2016,"U",,"N","F","C","2016_04_WI0620300_NIBRS",,0
2016,7237274,21243,5,2016,"U",,"N","F","C","2016_05_WI0620300_NIBRS",,0
2016,7260058,21243,6,2016,"U",,"N","F","C","2016_06_WI0620300_NIBRS",,0
2016,7282842,21243,7,2016,"U",,"N","F","C","2016_07_WI0620300_NIBRS",,0
2016,7305626,21243,8,2016,"U",,"N","F","C","2016_08_WI0620300_NIBRS",,0
2016,7328410,21243,9,2016,"U",,"N","F","C","2016_09_WI0620300_NIBRS",,0
2016,7351194,21243,10,2016,"U",,"N","F","C","2016_10_WI0620300_NIBRS",,0
2016,7373978,21243,11,2016,"U",,"N","F","C","2016_11_WI0620300_NIBRS",,0
2016,7396762,21243,12,2016,"U",,"N","F","C","2016_12_WI0620300_NIBRS",,0
2016,7146963,23175,1,2016,"U",,"N","F","C","2016_01_WI0250600_NIBRS",,0
2016,7169747,23175,2,2016,"U",,"N","F","C","2016_02_WI0250600_NIBRS",,0
2016,7192531,23175,3,2016,"U",,"N","F","C","2016_03_WI0250600_NIBRS",,0
2016,7215315,23175,4,2016,"U",,"N","F","C","2016_04_WI0250600_NIBRS",,0
2016,7238099,23175,5,2016,"U",,"N","F","C","2016_05_WI0250600_NIBRS",,0
2016,7260883,23175,6,2016,"U",,"N","F","C","2016_06_WI0250600_NIBRS",,0
2016,7283667,23175,7,2016,"U",,"N","F","C","2016_07_WI0250600_NIBRS",,0
2016,7306451,23175,8,2016,"U",,"N","F","C","2016_08_WI0250600_NIBRS",,0
2016,7329235,23175,9,2016,"U",,"N","F","C","2016_09_WI0250600_NIBRS",,0
2016,7352019,23175,10,2016,"U",,"N","F","C","2016_10_WI0250600_NIBRS",,0
2016,7374803,23175,11,2016,"U",,"N","F","C","2016_11_WI0250600_NIBRS",,0
2016,7397587,23175,12,2016,"U",,"N","F","C","2016_12_WI0250600_NIBRS",,0
2016,7146198,21303,1,2016,"U",,"N","F","C","2016_01_WI0682600_NIBRS",,0
2016,7168982,21303,2,2016,"U",,"N","F","C","2016_02_WI0682600_NIBRS",,0
2016,7191766,21303,3,2016,"U",,"N","F","C","2016_03_WI0682600_NIBRS",,0
2016,7214550,21303,4,2016,"U",,"N","F","C","2016_04_WI0682600_NIBRS",,0
2016,7237334,21303,5,2016,"U",,"N","F","C","2016_05_WI0682600_NIBRS",,0
2016,7260118,21303,6,2016,"U",,"N","F","C","2016_06_WI0682600_NIBRS",,0
2016,7282902,21303,7,2016,"U",,"N","F","C","2016_07_WI0682600_NIBRS",,0
2016,7305686,21303,8,2016,"U",,"N","F","C","2016_08_WI0682600_NIBRS",,0
2016,7328470,21303,9,2016,"U",,"N","F","C","2016_09_WI0682600_NIBRS",,0
2016,7351254,21303,10,2016,"U",,"N","F","C","2016_10_WI0682600_NIBRS",,0
2016,7374038,21303,11,2016,"U",,"N","F","C","2016_11_WI0682600_NIBRS",,0
2016,7396822,21303,12,2016,"U",,"N","F","C","2016_12_WI0682600_NIBRS",,0
2016,7145901,21006,1,2016,"U",,"N","F","C","2016_01_WI0180400_NIBRS",,0
2016,7168685,21006,2,2016,"U",,"N","F","C","2016_02_WI0180400_NIBRS",,0
2016,7191469,21006,3,2016,"U",,"N","F","C","2016_03_WI0180400_NIBRS",,0
2016,7214253,21006,4,2016,"U",,"N","F","C","2016_04_WI0180400_NIBRS",,0
2016,7237037,21006,5,2016,"U",,"N","F","C","2016_05_WI0180400_NIBRS",,0
2016,7259821,21006,6,2016,"U",,"N","F","C","2016_06_WI0180400_NIBRS",,0
2016,7282605,21006,7,2016,"U",,"N","F","C","2016_07_WI0180400_NIBRS",,0
2016,7305389,21006,8,2016,"U",,"N","F","C","2016_08_WI0180400_NIBRS",,0
2016,7328173,21006,9,2016,"U",,"N","F","C","2016_09_WI0180400_NIBRS",,0
2016,7350957,21006,10,2016,"U",,"N","F","C","2016_10_WI0180400_NIBRS",,0
2016,7373741,21006,11,2016,"U",,"N","F","C","2016_11_WI0180400_NIBRS",,0
2016,7396525,21006,12,2016,"U",,"N","F","C","2016_12_WI0180400_NIBRS",,0
2016,7146087,21192,1,2016,"I",,"Y","F","C","2016_01_WI0510200_NIBRS",2374368,0
2016,7168871,21192,2,2016,"I",,"Y","F","C","2016_02_WI0510200_NIBRS",6637946,0
2016,7191655,21192,3,2016,"I",,"Y","F","C","2016_03_WI0510200_NIBRS",2374410,0
2016,7214439,21192,4,2016,"I",,"Y","F","C","2016_04_WI0510200_NIBRS",6637791,0
2016,7237223,21192,5,2016,"I",,"N","F","C","2016_05_WI0510200_NIBRS",6958305,0
2016,7260007,21192,6,2016,"I",,"N","F","C","2016_06_WI0510200_NIBRS",,0
2016,7282791,21192,7,2016,"I",,"Y","F","C","2016_07_WI0510200_NIBRS",3763717,0
2016,7305575,21192,8,2016,"I",,"Y","F","C","2016_08_WI0510200_NIBRS",7731503,0
2016,7328359,21192,9,2016,"I",,"Y","F","C","2016_09_WI0510200_NIBRS",6637840,0
2016,7351143,21192,10,2016,"I",,"Y","F","C","2016_10_WI0510200_NIBRS",3763516,0
2016,7373927,21192,11,2016,"I",,"Y","F","C","2016_11_WI0510200_NIBRS",1380542,0
2016,7396711,21192,12,2016,"I",,"Y","F","C","2016_12_WI0510200_NIBRS",3763564,0
2016,7146205,21310,1,2016,"U",,"N","F","C","2016_01_WI0690600_NIBRS",,0
2016,7168989,21310,2,2016,"U",,"N","F","C","2016_02_WI0690600_NIBRS",,0
2016,7191773,21310,3,2016,"U",,"N","F","C","2016_03_WI0690600_NIBRS",,0
2016,7214557,21310,4,2016,"U",,"N","F","C","2016_04_WI0690600_NIBRS",,0
2016,7237341,21310,5,2016,"U",,"N","F","C","2016_05_WI0690600_NIBRS",,0
2016,7260125,21310,6,2016,"U",,"N","F","C","2016_06_WI0690600_NIBRS",,0
2016,7282909,21310,7,2016,"U",,"N","F","C","2016_07_WI0690600_NIBRS",,0
2016,7305693,21310,8,2016,"U",,"N","F","C","2016_08_WI0690600_NIBRS",,0
2016,7328477,21310,9,2016,"U",,"N","F","C","2016_09_WI0690600_NIBRS",,0
2016,7351261,21310,10,2016,"U",,"N","F","C","2016_10_WI0690600_NIBRS",,0
2016,7374045,21310,11,2016,"U",,"N","F","C","2016_11_WI0690600_NIBRS",,0
2016,7396829,21310,12,2016,"U",,"N","F","C","2016_12_WI0690600_NIBRS",,0
2016,7145833,20938,1,2016,"U",,"N","F","C","2016_01_WI0090300_NIBRS",,0
2016,7168617,20938,2,2016,"U",,"N","F","C","2016_02_WI0090300_NIBRS",,0
2016,7191401,20938,3,2016,"U",,"N","F","C","2016_03_WI0090300_NIBRS",,0
2016,7214185,20938,4,2016,"U",,"N","F","C","2016_04_WI0090300_NIBRS",,0
2016,7236969,20938,5,2016,"U",,"N","F","C","2016_05_WI0090300_NIBRS",,0
2016,7259753,20938,6,2016,"U",,"N","F","C","2016_06_WI0090300_NIBRS",,0
2016,7282537,20938,7,2016,"U",,"N","F","C","2016_07_WI0090300_NIBRS",,0
2016,7305321,20938,8,2016,"U",,"N","F","C","2016_08_WI0090300_NIBRS",,0
2016,7328105,20938,9,2016,"U",,"N","F","C","2016_09_WI0090300_NIBRS",,0
2016,7350889,20938,10,2016,"U",,"N","F","C","2016_10_WI0090300_NIBRS",,0
2016,7373673,20938,11,2016,"U",,"N","F","C","2016_11_WI0090300_NIBRS",,0
2016,7396457,20938,12,2016,"U",,"N","F","C","2016_12_WI0090300_NIBRS",,0
2016,7146204,21309,1,2016,"U",,"N","F","C","2016_01_WI0690400_NIBRS",,0
2016,7168988,21309,2,2016,"U",,"N","F","C","2016_02_WI0690400_NIBRS",,0
2016,7191772,21309,3,2016,"U",,"N","F","C","2016_03_WI0690400_NIBRS",,0
2016,7214556,21309,4,2016,"U",,"N","F","C","2016_04_WI0690400_NIBRS",,0
2016,7237340,21309,5,2016,"U",,"N","F","C","2016_05_WI0690400_NIBRS",,0
2016,7260124,21309,6,2016,"U",,"N","F","C","2016_06_WI0690400_NIBRS",,0
2016,7282908,21309,7,2016,"U",,"N","F","C","2016_07_WI0690400_NIBRS",,0
2016,7305692,21309,8,2016,"U",,"N","F","C","2016_08_WI0690400_NIBRS",,0
2016,7328476,21309,9,2016,"U",,"N","F","C","2016_09_WI0690400_NIBRS",,0
2016,7351260,21309,10,2016,"U",,"N","F","C","2016_10_WI0690400_NIBRS",,0
2016,7374044,21309,11,2016,"U",,"N","F","C","2016_11_WI0690400_NIBRS",,0
2016,7396828,21309,12,2016,"U",,"N","F","C","2016_12_WI0690400_NIBRS",,0
2016,7145885,20990,1,2016,"U",,"N","F","C","2016_01_WI0141900_NIBRS",,0
2016,7168669,20990,2,2016,"U",,"N","F","C","2016_02_WI0141900_NIBRS",,0
2016,7191453,20990,3,2016,"U",,"N","F","C","2016_03_WI0141900_NIBRS",,0
2016,7214237,20990,4,2016,"U",,"N","F","C","2016_04_WI0141900_NIBRS",,0
2016,7237021,20990,5,2016,"U",,"N","F","C","2016_05_WI0141900_NIBRS",,0
2016,7259805,20990,6,2016,"U",,"N","F","C","2016_06_WI0141900_NIBRS",,0
2016,7282589,20990,7,2016,"U",,"N","F","C","2016_07_WI0141900_NIBRS",,0
2016,7305373,20990,8,2016,"U",,"N","F","C","2016_08_WI0141900_NIBRS",,0
2016,7328157,20990,9,2016,"U",,"N","F","C","2016_09_WI0141900_NIBRS",,0
2016,7350941,20990,10,2016,"U",,"N","F","C","2016_10_WI0141900_NIBRS",,0
2016,7373725,20990,11,2016,"U",,"N","F","C","2016_11_WI0141900_NIBRS",,0
2016,7396509,20990,12,2016,"U",,"N","F","C","2016_12_WI0141900_NIBRS",,0
2016,7145919,21024,1,2016,"U",,"N","F","C","2016_01_WI0221100_NIBRS",,0
2016,7168703,21024,2,2016,"U",,"N","F","C","2016_02_WI0221100_NIBRS",,0
2016,7191487,21024,3,2016,"U",,"N","F","C","2016_03_WI0221100_NIBRS",,0
2016,7214271,21024,4,2016,"U",,"N","F","C","2016_04_WI0221100_NIBRS",,0
2016,7237055,21024,5,2016,"U",,"N","F","C","2016_05_WI0221100_NIBRS",,0
2016,7259839,21024,6,2016,"U",,"N","F","C","2016_06_WI0221100_NIBRS",,0
2016,7282623,21024,7,2016,"U",,"N","F","C","2016_07_WI0221100_NIBRS",,0
2016,7305407,21024,8,2016,"U",,"N","F","C","2016_08_WI0221100_NIBRS",,0
2016,7328191,21024,9,2016,"U",,"N","F","C","2016_09_WI0221100_NIBRS",,0
2016,7350975,21024,10,2016,"U",,"N","F","C","2016_10_WI0221100_NIBRS",,0
2016,7373759,21024,11,2016,"U",,"N","F","C","2016_11_WI0221100_NIBRS",,0
2016,7396543,21024,12,2016,"U",,"N","F","C","2016_12_WI0221100_NIBRS",,0
2016,7147585,26291,1,2016,"U",,"N","F","C","2016_01_WI0100700_NIBRS",,0
2016,7170369,26291,2,2016,"U",,"N","F","C","2016_02_WI0100700_NIBRS",,0
2016,7193153,26291,3,2016,"U",,"N","F","C","2016_03_WI0100700_NIBRS",,0
2016,7215937,26291,4,2016,"U",,"N","F","C","2016_04_WI0100700_NIBRS",,0
2016,7238721,26291,5,2016,"U",,"N","F","C","2016_05_WI0100700_NIBRS",,0
2016,7261505,26291,6,2016,"U",,"N","F","C","2016_06_WI0100700_NIBRS",,0
2016,7284289,26291,7,2016,"U",,"N","F","C","2016_07_WI0100700_NIBRS",,0
2016,7307073,26291,8,2016,"U",,"N","F","C","2016_08_WI0100700_NIBRS",,0
2016,7329857,26291,9,2016,"U",,"N","F","C","2016_09_WI0100700_NIBRS",,0
2016,7352641,26291,10,2016,"U",,"N","F","C","2016_10_WI0100700_NIBRS",,0
2016,7375425,26291,11,2016,"U",,"N","F","C","2016_11_WI0100700_NIBRS",,0
2016,7398209,26291,12,2016,"U",,"N","F","C","2016_12_WI0100700_NIBRS",,0
2016,7237014,20983,5,2016,"U",,"N","F","C","2016_05_WI0140200_NIBRS",,0
2016,7259798,20983,6,2016,"U",,"N","F","C","2016_06_WI0140200_NIBRS",,0
2016,7282582,20983,7,2016,"U",,"N","F","C","2016_07_WI0140200_NIBRS",,0
2016,7305366,20983,8,2016,"U",,"N","F","C","2016_08_WI0140200_NIBRS",,0
2016,7328150,20983,9,2016,"U",,"N","F","C","2016_09_WI0140200_NIBRS",,0
2016,7350934,20983,10,2016,"U",,"N","F","C","2016_10_WI0140200_NIBRS",,0
2016,7373718,20983,11,2016,"U",,"N","F","C","2016_11_WI0140200_NIBRS",,0
2016,7396502,20983,12,2016,"U",,"N","F","C","2016_12_WI0140200_NIBRS",,0
2016,7146011,21116,1,2016,"U",,"N","F","C","2016_01_WI0400100_NIBRS",,0
2016,7168795,21116,2,2016,"U",,"N","F","C","2016_02_WI0400100_NIBRS",,0
2016,7191579,21116,3,2016,"U",,"N","F","C","2016_03_WI0400100_NIBRS",,0
2016,7214363,21116,4,2016,"U",,"N","F","C","2016_04_WI0400100_NIBRS",,0
2016,7237147,21116,5,2016,"U",,"N","F","C","2016_05_WI0400100_NIBRS",,0
2016,7237260,21229,5,2016,"I",,"Y","F","C","2016_05_WI0580100_NIBRS",2380882,0
2016,7260044,21229,6,2016,"I",,"Y","F","C","2016_06_WI0580100_NIBRS",3771181,0
2016,7282828,21229,7,2016,"I",,"N","F","C","2016_07_WI0580100_NIBRS",,0
2016,7305612,21229,8,2016,"I",,"Y","F","C","2016_08_WI0580100_NIBRS",2380539,0
2016,7328396,21229,9,2016,"I",,"Y","F","C","2016_09_WI0580100_NIBRS",7739908,0
2016,7351180,21229,10,2016,"I",,"Y","F","C","2016_10_WI0580100_NIBRS",6960344,0
2016,7373964,21229,11,2016,"I",,"Y","F","C","2016_11_WI0580100_NIBRS",1386821,0
2016,7396748,21229,12,2016,"I",,"Y","F","C","2016_12_WI0580100_NIBRS",6643998,0
2016,7236980,20949,5,2016,"I",,"Y","F","C","2016_05_WI0110700_NIBRS",4909272,0
2016,7259764,20949,6,2016,"I",,"Y","F","C","2016_06_WI0110700_NIBRS",4909304,0
2016,7282548,20949,7,2016,"I",,"Y","F","C","2016_07_WI0110700_NIBRS",4909328,0
2016,7305332,20949,8,2016,"I",,"Y","F","C","2016_08_WI0110700_NIBRS",6544563,0
2016,7328116,20949,9,2016,"I",,"Y","F","C","2016_09_WI0110700_NIBRS",4909433,0
2016,7350900,20949,10,2016,"I",,"Y","F","C","2016_10_WI0110700_NIBRS",6544615,0
2016,7373684,20949,11,2016,"I",,"Y","F","C","2016_11_WI0110700_NIBRS",6544678,0
2016,7396468,20949,12,2016,"I",,"Y","F","C","2016_12_WI0110700_NIBRS",6544702,0
2016,7145915,21020,1,2016,"I",,"N","F","C","2016_01_WI0220300_NIBRS",,0
2016,7168699,21020,2,2016,"I",,"N","F","C","2016_02_WI0220300_NIBRS",,0
2016,7191483,21020,3,2016,"I",,"Y","F","C","2016_03_WI0220300_NIBRS",6924964,0
2016,7146167,21272,1,2016,"U",,"N","F","C","2016_01_WI0651600_NIBRS",,0
2016,7168951,21272,2,2016,"U",,"N","F","C","2016_02_WI0651600_NIBRS",,0
2016,7191735,21272,3,2016,"U",,"N","F","C","2016_03_WI0651600_NIBRS",,0
2016,7214519,21272,4,2016,"U",,"N","F","C","2016_04_WI0651600_NIBRS",,0
2016,7237303,21272,5,2016,"U",,"N","F","C","2016_05_WI0651600_NIBRS",,0
2016,7260087,21272,6,2016,"U",,"N","F","C","2016_06_WI0651600_NIBRS",,0
2016,7282871,21272,7,2016,"U",,"N","F","C","2016_07_WI0651600_NIBRS",,0
2016,7396485,20966,12,2016,"U",,"N","F","C","2016_12_WI0131500_NIBRS",,0
2016,7214431,21184,4,2016,"U",,"N","F","C","2016_04_WI0490700_NIBRS",,0
2016,7237215,21184,5,2016,"U",,"N","F","C","2016_05_WI0490700_NIBRS",,0
2016,7259999,21184,6,2016,"U",,"N","F","C","2016_06_WI0490700_NIBRS",,0
2016,7282783,21184,7,2016,"U",,"N","F","C","2016_07_WI0490700_NIBRS",,0
2016,7305567,21184,8,2016,"U",,"N","F","C","2016_08_WI0490700_NIBRS",,0
2016,7328351,21184,9,2016,"U",,"N","F","C","2016_09_WI0490700_NIBRS",,0
2016,7351135,21184,10,2016,"U",,"N","F","C","2016_10_WI0490700_NIBRS",,0
2016,7373919,21184,11,2016,"U",,"N","F","C","2016_11_WI0490700_NIBRS",,0
2016,7396703,21184,12,2016,"U",,"N","F","C","2016_12_WI0490700_NIBRS",,0
2016,7146068,21173,1,2016,"U",,"N","F","C","2016_01_WI0470100_NIBRS",,0
2016,7168852,21173,2,2016,"U",,"N","F","C","2016_02_WI0470100_NIBRS",,0
2016,7191636,21173,3,2016,"U",,"N","F","C","2016_03_WI0470100_NIBRS",,0
2016,7214420,21173,4,2016,"U",,"N","F","C","2016_04_WI0470100_NIBRS",,0
2016,7237204,21173,5,2016,"U",,"N","F","C","2016_05_WI0470100_NIBRS",,0
2016,7259988,21173,6,2016,"U",,"N","F","C","2016_06_WI0470100_NIBRS",,0
2016,7282772,21173,7,2016,"U",,"N","F","C","2016_07_WI0470100_NIBRS",,0
2016,7305556,21173,8,2016,"U",,"N","F","C","2016_08_WI0470100_NIBRS",,0
2016,7328340,21173,9,2016,"U",,"N","F","C","2016_09_WI0470100_NIBRS",,0
2016,7351124,21173,10,2016,"U",,"N","F","C","2016_10_WI0470100_NIBRS",,0
2016,7373908,21173,11,2016,"U",,"N","F","C","2016_11_WI0470100_NIBRS",,0
2016,7396692,21173,12,2016,"U",,"N","F","C","2016_12_WI0470100_NIBRS",,0
2016,7168916,21237,2,2016,"U",,"N","F","C","2016_02_WI0600600_NIBRS",,0
2016,7191700,21237,3,2016,"U",,"N","F","C","2016_03_WI0600600_NIBRS",,0
2016,7214484,21237,4,2016,"U",,"N","F","C","2016_04_WI0600600_NIBRS",,0
2016,7237268,21237,5,2016,"U",,"N","F","C","2016_05_WI0600600_NIBRS",,0
2016,7145891,20996,1,2016,"U",,"N","F","C","2016_01_WI0160100_NIBRS",,0
2016,7168675,20996,2,2016,"U",,"N","F","C","2016_02_WI0160100_NIBRS",,0
2016,7191459,20996,3,2016,"U",,"N","F","C","2016_03_WI0160100_NIBRS",,0
2016,7214243,20996,4,2016,"U",,"N","F","C","2016_04_WI0160100_NIBRS",,0
2016,7237027,20996,5,2016,"U",,"N","F","C","2016_05_WI0160100_NIBRS",,0
2016,7259811,20996,6,2016,"U",,"N","F","C","2016_06_WI0160100_NIBRS",,0
2016,7282595,20996,7,2016,"U",,"N","F","C","2016_07_WI0160100_NIBRS",,0
2016,7305379,20996,8,2016,"U",,"N","F","C","2016_08_WI0160100_NIBRS",,0
2016,7328163,20996,9,2016,"U",,"N","F","C","2016_09_WI0160100_NIBRS",,0
2016,7350947,20996,10,2016,"U",,"N","F","C","2016_10_WI0160100_NIBRS",,0
2016,7373731,20996,11,2016,"U",,"N","F","C","2016_11_WI0160100_NIBRS",,0
2016,7396515,20996,12,2016,"U",,"N","F","C","2016_12_WI0160100_NIBRS",,0
2016,7146033,21138,1,2016,"I",,"Y","F","C","2016_01_WI0420000_NIBRS",3743861,0
2016,7168817,21138,2,2016,"I",,"Y","F","C","2016_02_WI0420000_NIBRS",8590513,0
2016,7191601,21138,3,2016,"I",,"Y","F","C","2016_03_WI0420000_NIBRS",15747669,0
2016,7214385,21138,4,2016,"I",,"Y","F","C","2016_04_WI0420000_NIBRS",3744397,0
2016,7237169,21138,5,2016,"I",,"Y","F","C","2016_05_WI0420000_NIBRS",6612517,0
2016,7259953,21138,6,2016,"I",,"Y","F","C","2016_06_WI0420000_NIBRS",15747708,0
2016,7282737,21138,7,2016,"I",,"Y","F","C","2016_07_WI0420000_NIBRS",6612630,0
2016,7305521,21138,8,2016,"I",,"Y","F","C","2016_08_WI0420000_NIBRS",15747608,0
2016,7328305,21138,9,2016,"I",,"Y","F","C","2016_09_WI0420000_NIBRS",6613202,0
2016,7351089,21138,10,2016,"I",,"Y","F","C","2016_10_WI0420000_NIBRS",8590558,0
2016,7373873,21138,11,2016,"I",,"Y","F","C","2016_11_WI0420000_NIBRS",15747847,0
2016,7396657,21138,12,2016,"I",,"Y","F","C","2016_12_WI0420000_NIBRS",15747803,0
2016,7145944,21049,1,2016,"U",,"N","F","C","2016_01_WI0280300_NIBRS",,0
2016,7168728,21049,2,2016,"U",,"N","F","C","2016_02_WI0280300_NIBRS",,0
2016,7191512,21049,3,2016,"U",,"N","F","C","2016_03_WI0280300_NIBRS",,0
2016,7214296,21049,4,2016,"U",,"N","F","C","2016_04_WI0280300_NIBRS",,0
2016,7237080,21049,5,2016,"U",,"N","F","C","2016_05_WI0280300_NIBRS",,0
2016,7259864,21049,6,2016,"U",,"N","F","C","2016_06_WI0280300_NIBRS",,0
2016,7282648,21049,7,2016,"U",,"N","F","C","2016_07_WI0280300_NIBRS",,0
2016,7305432,21049,8,2016,"U",,"N","F","C","2016_08_WI0280300_NIBRS",,0
2016,7328216,21049,9,2016,"U",,"N","F","C","2016_09_WI0280300_NIBRS",,0
2016,7351000,21049,10,2016,"U",,"N","F","C","2016_10_WI0280300_NIBRS",,0
2016,7373784,21049,11,2016,"U",,"N","F","C","2016_11_WI0280300_NIBRS",,0
2016,7396568,21049,12,2016,"U",,"N","F","C","2016_12_WI0280300_NIBRS",,0
2016,7145871,20976,1,2016,"I",,"N","F","C","2016_01_WI0137400_NIBRS",,0
2016,7168655,20976,2,2016,"I",,"N","F","C","2016_02_WI0137400_NIBRS",,0
2016,7191439,20976,3,2016,"I",,"Y","F","C","2016_03_WI0137400_NIBRS",1313998,0
2016,7214223,20976,4,2016,"I",,"N","F","C","2016_04_WI0137400_NIBRS",,0
2016,7237007,20976,5,2016,"I",,"N","F","C","2016_05_WI0137400_NIBRS",,0
2016,7146095,21200,1,2016,"U",,"N","F","C","2016_01_WI0520700_NIBRS",18012411,0
2016,7168879,21200,2,2016,"U",,"N","F","C","2016_02_WI0520700_NIBRS",18012336,0
2016,7191663,21200,3,2016,"U",,"N","F","C","2016_03_WI0520700_NIBRS",,0
2016,7146056,21161,1,2016,"I",,"Y","F","C","2016_01_WI0450900_NIBRS",7729435,0
2016,7168840,21161,2,2016,"I",,"Y","F","C","2016_02_WI0450900_NIBRS",6953460,0
2016,7145836,20941,1,2016,"I",,"N","F","C","2016_01_WI0100000_NIBRS",,0
2016,7168620,20941,2,2016,"I",,"N","F","C","2016_02_WI0100000_NIBRS",,0
2016,7191404,20941,3,2016,"I",,"Y","F","C","2016_03_WI0100000_NIBRS",3714513,0
2016,7214188,20941,4,2016,"I",,"N","F","C","2016_04_WI0100000_NIBRS",,0
2016,7236972,20941,5,2016,"I",,"N","F","C","2016_05_WI0100000_NIBRS",,0
2016,7259756,20941,6,2016,"I",,"Y","F","C","2016_06_WI0100000_NIBRS",3714353,0
2016,7282540,20941,7,2016,"I",,"N","F","C","2016_07_WI0100000_NIBRS",,0
2016,7146061,21166,1,2016,"U",,"N","F","C","2016_01_WI0460100_NIBRS",,0
2016,7168845,21166,2,2016,"U",,"N","F","C","2016_02_WI0460100_NIBRS",,0
2016,7191629,21166,3,2016,"U",,"N","F","C","2016_03_WI0460100_NIBRS",,0
2016,7146211,21316,1,2016,"U",,"N","F","C","2016_01_WI0710200_NIBRS",,0
2016,7168995,21316,2,2016,"U",,"N","F","C","2016_02_WI0710200_NIBRS",,0
2016,7191779,21316,3,2016,"U",,"N","F","C","2016_03_WI0710200_NIBRS",,0
2016,7214563,21316,4,2016,"U",,"N","F","C","2016_04_WI0710200_NIBRS",,0
2016,7237347,21316,5,2016,"U",,"N","F","C","2016_05_WI0710200_NIBRS",,0
2016,7260131,21316,6,2016,"U",,"N","F","C","2016_06_WI0710200_NIBRS",,0
2016,7282915,21316,7,2016,"U",,"N","F","C","2016_07_WI0710200_NIBRS",,0
2016,7305699,21316,8,2016,"U",,"N","F","C","2016_08_WI0710200_NIBRS",,0
2016,7328483,21316,9,2016,"U",,"N","F","C","2016_09_WI0710200_NIBRS",,0
2016,7351267,21316,10,2016,"U",,"N","F","C","2016_10_WI0710200_NIBRS",,0
2016,7145913,21018,1,2016,"I",,"Y","F","C","2016_01_WI0220000_NIBRS",4891604,0
2016,7168697,21018,2,2016,"I",,"Y","F","C","2016_02_WI0220000_NIBRS",1223444,0
2016,7191481,21018,3,2016,"I",,"Y","F","C","2016_03_WI0220000_NIBRS",1222689,0
2016,7214265,21018,4,2016,"I",,"Y","F","C","2016_04_WI0220000_NIBRS",1222778,0
2016,7237049,21018,5,2016,"I",,"Y","F","C","2016_05_WI0220000_NIBRS",1223239,0
2016,7259833,21018,6,2016,"I",,"Y","F","C","2016_06_WI0220000_NIBRS",1222831,0
2016,7282617,21018,7,2016,"I",,"Y","F","C","2016_07_WI0220000_NIBRS",1222931,0
2016,7305401,21018,8,2016,"I",,"Y","F","C","2016_08_WI0220000_NIBRS",1223037,0
2016,7146082,21187,1,2016,"I",,"Y","F","C","2016_01_WI0500100_NIBRS",4890124,0
2016,7168866,21187,2,2016,"I",,"Y","F","C","2016_02_WI0500100_NIBRS",6637167,0
2016,7191650,21187,3,2016,"I",,"Y","F","C","2016_03_WI0500100_NIBRS",15768638,0
2016,7214434,21187,4,2016,"I",,"Y","F","C","2016_04_WI0500100_NIBRS",6637250,0
2016,7237218,21187,5,2016,"I",,"Y","F","C","2016_05_WI0500100_NIBRS",6636778,0
2016,7146091,21196,1,2016,"U",,"N","F","C","2016_01_WI0520300_NIBRS",,0
2016,7168875,21196,2,2016,"U",,"N","F","C","2016_02_WI0520300_NIBRS",,0
2016,7191659,21196,3,2016,"U",,"N","F","C","2016_03_WI0520300_NIBRS",,0
2016,7214443,21196,4,2016,"U",,"N","F","C","2016_04_WI0520300_NIBRS",,0
2016,7237227,21196,5,2016,"U",,"N","F","C","2016_05_WI0520300_NIBRS",,0
2016,7260011,21196,6,2016,"U",,"N","F","C","2016_06_WI0520300_NIBRS",,0
2016,7146154,21259,1,2016,"U",,"N","F","C","2016_01_WI0650000_NIBRS",,0
2016,7168938,21259,2,2016,"U",,"N","F","C","2016_02_WI0650000_NIBRS",,0
2016,7191722,21259,3,2016,"U",,"N","F","C","2016_03_WI0650000_NIBRS",,0
2016,7145963,21068,1,2016,"I",,"N","F","C","2016_01_WI0320000_NIBRS",2346443,0
2016,7168747,21068,2,2016,"I",,"Y","F","C","2016_02_WI0320000_NIBRS",6592125,0
2016,7191531,21068,3,2016,"I",,"Y","F","C","2016_03_WI0320000_NIBRS",6592203,0
2016,7145886,20991,1,2016,"I",,"Y","F","C","2016_01_WI0150000_NIBRS",,0
2016,7146060,21165,1,2016,"U",,"N","F","C","2016_01_WI0460000_NIBRS",,0
2016,7168844,21165,2,2016,"U",,"N","F","C","2016_02_WI0460000_NIBRS",,0
2016,7191628,21165,3,2016,"U",,"N","F","C","2016_03_WI0460000_NIBRS",,0
2016,7214412,21165,4,2016,"U",,"N","F","C","2016_04_WI0460000_NIBRS",,0
2016,7237196,21165,5,2016,"U",,"N","F","C","2016_05_WI0460000_NIBRS",,0
2016,7259980,21165,6,2016,"U",,"N","F","C","2016_06_WI0460000_NIBRS",,0
2016,7282764,21165,7,2016,"U",,"N","F","C","2016_07_WI0460000_NIBRS",,0
2016,7305548,21165,8,2016,"U",,"N","F","C","2016_08_WI0460000_NIBRS",,0
2016,7328332,21165,9,2016,"U",,"N","F","C","2016_09_WI0460000_NIBRS",,0
2016,7351116,21165,10,2016,"U",,"N","F","C","2016_10_WI0460000_NIBRS",,0
2016,7373900,21165,11,2016,"U",,"N","F","C","2016_11_WI0460000_NIBRS",,0
2016,7396684,21165,12,2016,"U",,"N","F","C","2016_12_WI0460000_NIBRS",,0
2016,7145815,20920,1,2016,"U",,"N","F","C","2016_01_WI0050400_NIBRS",,0
2016,7168599,20920,2,2016,"U",,"N","F","C","2016_02_WI0050400_NIBRS",,0
2016,7191383,20920,3,2016,"U",,"N","F","C","2016_03_WI0050400_NIBRS",,0
2016,7214167,20920,4,2016,"U",,"N","F","C","2016_04_WI0050400_NIBRS",,0
2016,7236951,20920,5,2016,"U",,"N","F","C","2016_05_WI0050400_NIBRS",,0
2016,7259735,20920,6,2016,"U",,"N","F","C","2016_06_WI0050400_NIBRS",,0
2016,7282519,20920,7,2016,"U",,"N","F","C","2016_07_WI0050400_NIBRS",,0
2016,7305303,20920,8,2016,"U",,"N","F","C","2016_08_WI0050400_NIBRS",,0
2016,7328087,20920,9,2016,"U",,"N","F","C","2016_09_WI0050400_NIBRS",,0
2016,7350871,20920,10,2016,"U",,"N","F","C","2016_10_WI0050400_NIBRS",,0
2016,7373655,20920,11,2016,"U",,"N","F","C","2016_11_WI0050400_NIBRS",,0
2016,7146214,21319,1,2016,"U",,"N","F","C","2016_01_WI0710500_NIBRS",,0
2016,7168998,21319,2,2016,"U",,"N","F","C","2016_02_WI0710500_NIBRS",,0
2016,7191782,21319,3,2016,"U",,"N","F","C","2016_03_WI0710500_NIBRS",,0
2016,7214566,21319,4,2016,"U",,"N","F","C","2016_04_WI0710500_NIBRS",,0
2016,7237350,21319,5,2016,"U",,"N","F","C","2016_05_WI0710500_NIBRS",,0
2016,7146173,21278,1,2016,"I",,"Y","F","C","2016_01_WI0670100_NIBRS",4977294,0
2016,7168957,21278,2,2016,"I",,"Y","F","C","2016_02_WI0670100_NIBRS",4977347,0
2016,7191741,21278,3,2016,"I",,"Y","F","C","2016_03_WI0670100_NIBRS",4977399,0
2016,7214525,21278,4,2016,"I",,"Y","F","C","2016_04_WI0670100_NIBRS",4977500,0
2016,7237309,21278,5,2016,"I",,"Y","F","C","2016_05_WI0670100_NIBRS",8609904,0
2016,7260093,21278,6,2016,"I",,"Y","F","C","2016_06_WI0670100_NIBRS",4977697,0
2016,7282877,21278,7,2016,"I",,"Y","F","C","2016_07_WI0670100_NIBRS",8609915,0
2016,7305661,21278,8,2016,"I",,"Y","F","C","2016_08_WI0670100_NIBRS",4977839,0
2016,7328445,21278,9,2016,"I",,"Y","F","C","2016_09_WI0670100_NIBRS",4977886,0
2016,7351229,21278,10,2016,"I",,"Y","F","C","2016_10_WI0670100_NIBRS",4977955,0
2016,7374013,21278,11,2016,"I",,"Y","F","C","2016_11_WI0670100_NIBRS",4978033,0
2016,7396797,21278,12,2016,"I",,"Y","F","C","2016_12_WI0670100_NIBRS",17239268,0
2016,7146026,21131,1,2016,"U",,"N","F","C","2016_01_WI0411400_NIBRS",,0
2016,7168810,21131,2,2016,"U",,"N","F","C","2016_02_WI0411400_NIBRS",,0
2016,7191594,21131,3,2016,"U",,"N","F","C","2016_03_WI0411400_NIBRS",,0
2016,7214378,21131,4,2016,"U",,"N","F","C","2016_04_WI0411400_NIBRS",17180349,0
2016,7237162,21131,5,2016,"U",,"N","F","C","2016_05_WI0411400_NIBRS",,0
2016,7259946,21131,6,2016,"U",,"N","F","C","2016_06_WI0411400_NIBRS",,0
2016,7145851,20956,1,2016,"U",,"N","F","C","2016_01_WI0130200_NIBRS",,0
2016,7168635,20956,2,2016,"U",,"N","F","C","2016_02_WI0130200_NIBRS",,0
2016,7191419,20956,3,2016,"U",,"N","F","C","2016_03_WI0130200_NIBRS",,0
2016,7146206,21311,1,2016,"I",,"N","F","C","2016_01_WI0700000_NIBRS",,0
2016,7168990,21311,2,2016,"I",,"N","F","C","2016_02_WI0700000_NIBRS",,0
2016,7191774,21311,3,2016,"I",,"N","F","C","2016_03_WI0700000_NIBRS",,0
2016,7214558,21311,4,2016,"I",,"N","F","C","2016_04_WI0700000_NIBRS",,0
2016,7146015,21120,1,2016,"U",,"N","F","C","2016_01_WI0410300_NIBRS",,0
2016,7168799,21120,2,2016,"U",,"N","F","C","2016_02_WI0410300_NIBRS",,0
2016,7191583,21120,3,2016,"U",,"N","F","C","2016_03_WI0410300_NIBRS",,0
2016,7214367,21120,4,2016,"U",,"N","F","C","2016_04_WI0410300_NIBRS",,0
2016,7237151,21120,5,2016,"U",,"N","F","C","2016_05_WI0410300_NIBRS",,0
2016,7145958,21063,1,2016,"U",,"N","F","C","2016_01_WI0300800_NIBRS",,0
2016,7168742,21063,2,2016,"U",,"N","F","C","2016_02_WI0300800_NIBRS",,0
2016,7191526,21063,3,2016,"U",,"N","F","C","2016_03_WI0300800_NIBRS",,0
2016,7214310,21063,4,2016,"U",,"N","F","C","2016_04_WI0300800_NIBRS",,0
2016,7237094,21063,5,2016,"U",,"N","F","C","2016_05_WI0300800_NIBRS",,0
2016,7259878,21063,6,2016,"U",,"N","F","C","2016_06_WI0300800_NIBRS",,0
2016,7282662,21063,7,2016,"U",,"N","F","C","2016_07_WI0300800_NIBRS",,0
2016,7305446,21063,8,2016,"U",,"N","F","C","2016_08_WI0300800_NIBRS",,0
2016,7328230,21063,9,2016,"U",,"N","F","C","2016_09_WI0300800_NIBRS",,0
2016,7351014,21063,10,2016,"U",,"N","F","C","2016_10_WI0300800_NIBRS",,0
2016,7373798,21063,11,2016,"U",,"N","F","C","2016_11_WI0300800_NIBRS",,0
2016,7396582,21063,12,2016,"U",,"N","F","C","2016_12_WI0300800_NIBRS",,0
2016,7146218,21323,1,2016,"U",,"N","F","C","2016_01_WI0720100_NIBRS",,0
2016,7169002,21323,2,2016,"U",,"N","F","C","2016_02_WI0720100_NIBRS",,0
2016,7191786,21323,3,2016,"U",,"N","F","C","2016_03_WI0720100_NIBRS",,0
2016,7145948,21053,1,2016,"I",,"Y","F","C","2016_01_WI0290000_NIBRS",2345755,0
2016,7168732,21053,2,2016,"I",,"Y","F","C","2016_02_WI0290000_NIBRS",3735784,0
2016,7191516,21053,3,2016,"I",,"Y","F","C","2016_03_WI0290000_NIBRS",1318366,0
2016,7146051,21156,1,2016,"I",,"Y","F","C","2016_01_WI0450400_NIBRS",3758688,0
2016,7168835,21156,2,2016,"I",,"Y","F","C","2016_02_WI0450400_NIBRS",6949176,0
2016,7191619,21156,3,2016,"I",,"Y","F","C","2016_03_WI0450400_NIBRS",1377676,0
2016,7214403,21156,4,2016,"I",,"N","F","C","2016_04_WI0450400_NIBRS",,0
2016,7237187,21156,5,2016,"I",,"Y","F","C","2016_05_WI0450400_NIBRS",15755124,0
2016,7259971,21156,6,2016,"I",,"Y","F","C","2016_06_WI0450400_NIBRS",6626573,0
2016,7282755,21156,7,2016,"I",,"Y","F","C","2016_07_WI0450400_NIBRS",3758984,0
2016,7146070,21175,1,2016,"U",,"N","F","C","2016_01_WI0480000_NIBRS",,0
2016,7168854,21175,2,2016,"U",,"N","F","C","2016_02_WI0480000_NIBRS",,0
2016,7145921,21026,1,2016,"U",,"N","F","C","2016_01_WI0230000_NIBRS",,0
2016,7168705,21026,2,2016,"U",,"N","F","C","2016_02_WI0230000_NIBRS",,0
2016,7191489,21026,3,2016,"U",,"N","F","C","2016_03_WI0230000_NIBRS",,0
2016,7146144,21249,1,2016,"U",,"N","F","C","2016_01_WI0630000_NIBRS",,0
2016,7168928,21249,2,2016,"U",,"N","F","C","2016_02_WI0630000_NIBRS",,0
2016,7191712,21249,3,2016,"U",,"N","F","C","2016_03_WI0630000_NIBRS",,0
2016,7214496,21249,4,2016,"U",,"N","F","C","2016_04_WI0630000_NIBRS",,0
2016,7237280,21249,5,2016,"U",,"N","F","C","2016_05_WI0630000_NIBRS",,0
2016,7260064,21249,6,2016,"U",,"N","F","C","2016_06_WI0630000_NIBRS",,0
2016,7282848,21249,7,2016,"U",,"N","F","C","2016_07_WI0630000_NIBRS",,0
2016,7305632,21249,8,2016,"U",,"N","F","C","2016_08_WI0630000_NIBRS",,0
2016,7328416,21249,9,2016,"U",,"N","F","C","2016_09_WI0630000_NIBRS",,0
2016,7146042,21147,1,2016,"I",,"Y","F","C","2016_01_WI0440000_NIBRS",15750698,0
2016,7168826,21147,2,2016,"I",,"Y","F","C","2016_02_WI0440000_NIBRS",4898607,0
2016,7191610,21147,3,2016,"I",,"Y","F","C","2016_03_WI0440000_NIBRS",,0
2016,7214394,21147,4,2016,"I",,"Y","F","C","2016_04_WI0440000_NIBRS",4898765,0
2016,7237178,21147,5,2016,"I",,"Y","F","C","2016_05_WI0440000_NIBRS",15750772,0
2016,7259962,21147,6,2016,"I",,"Y","F","C","2016_06_WI0440000_NIBRS",15750847,0
2016,7282746,21147,7,2016,"I",,"Y","F","C","2016_07_WI0440000_NIBRS",15750931,0
2016,7146151,21256,1,2016,"I",,"Y","F","C","2016_01_WI0640000_NIBRS",9925380,0
2016,7145965,21070,1,2016,"I",,"Y","F","C","2016_01_WI0320200_NIBRS",8551021,0
2016,7168749,21070,2,2016,"I",,"Y","F","C","2016_02_WI0320200_NIBRS",8551063,0
2016,7191533,21070,3,2016,"I",,"Y","F","C","2016_03_WI0320200_NIBRS",8551147,0
2016,7214317,21070,4,2016,"I",,"Y","F","C","2016_04_WI0320200_NIBRS",8551190,0
2016,7145894,20999,1,2016,"U",,"N","F","C","2016_01_WI0170100_NIBRS",17974838,0
2016,7168678,20999,2,2016,"U",,"N","F","C","2016_02_WI0170100_NIBRS",6570391,0
2016,7191462,20999,3,2016,"U",,"N","F","C","2016_03_WI0170100_NIBRS",6570304,0
2016,7145797,20902,1,2016,"U",,"N","F","C","2016_01_WI0010000_NIBRS",,0
2016,7168581,20902,2,2016,"U",,"N","F","C","2016_02_WI0010000_NIBRS",,0
2016,7191365,20902,3,2016,"U",,"N","F","C","2016_03_WI0010000_NIBRS",,0
2016,7214149,20902,4,2016,"U",,"N","F","C","2016_04_WI0010000_NIBRS",,0
2016,7236933,20902,5,2016,"U",,"N","F","C","2016_05_WI0010000_NIBRS",,0
2016,7259717,20902,6,2016,"U",,"N","F","C","2016_06_WI0010000_NIBRS",,0
2016,7145998,21103,1,2016,"U",,"N","F","C","2016_01_WI0371300_NIBRS",,0
2016,7168782,21103,2,2016,"U",,"N","F","C","2016_02_WI0371300_NIBRS",,0
2016,7146220,21325,1,2016,"U",,"N","F","C","2016_01_WI0720300_NIBRS",,0
2016,7169004,21325,2,2016,"U",,"N","F","C","2016_02_WI0720300_NIBRS",,0
2016,7191788,21325,3,2016,"U",,"N","F","C","2016_03_WI0720300_NIBRS",,0
2016,7214572,21325,4,2016,"U",,"N","F","C","2016_04_WI0720300_NIBRS",,0
2016,7145818,20923,1,2016,"I",,"Y","F","C","2016_01_WI0050800_NIBRS",15681548,0
2016,7168602,20923,2,2016,"I",,"Y","F","C","2016_02_WI0050800_NIBRS",3659275,0
2016,7146187,21292,1,2016,"I",,"Y","F","C","2016_01_WI0680800_NIBRS",15787110,0
2016,7168971,21292,2,2016,"I",,"Y","F","C","2016_02_WI0680800_NIBRS",4984845,0
2016,7191755,21292,3,2016,"I",,"Y","F","C","2016_03_WI0680800_NIBRS",15787467,0
2016,7214539,21292,4,2016,"I",,"Y","F","C","2016_04_WI0680800_NIBRS",4984982,0
2016,7145996,21101,1,2016,"U",,"N","F","C","2016_01_WI0370900_NIBRS",,0
2016,7168780,21101,2,2016,"U",,"N","F","C","2016_02_WI0370900_NIBRS",,0
2016,7191564,21101,3,2016,"U",,"N","F","C","2016_03_WI0370900_NIBRS",,0
2016,7145890,20995,1,2016,"U",,"N","F","C","2016_01_WI0160000_NIBRS",,0
2016,7168674,20995,2,2016,"U",,"N","F","C","2016_02_WI0160000_NIBRS",,0
2016,7191458,20995,3,2016,"U",,"N","F","C","2016_03_WI0160000_NIBRS",,0
2016,7214242,20995,4,2016,"U",,"N","F","C","2016_04_WI0160000_NIBRS",,0
2016,7237026,20995,5,2016,"U",,"N","F","C","2016_05_WI0160000_NIBRS",,0
2016,7259810,20995,6,2016,"U",,"N","F","C","2016_06_WI0160000_NIBRS",,0
2016,7282594,20995,7,2016,"U",,"N","F","C","2016_07_WI0160000_NIBRS",,0
2016,7305378,20995,8,2016,"U",,"N","F","C","2016_08_WI0160000_NIBRS",,0
2016,7328162,20995,9,2016,"U",,"N","F","C","2016_09_WI0160000_NIBRS",,0
2016,7350946,20995,10,2016,"U",,"N","F","C","2016_10_WI0160000_NIBRS",,0
2016,7373730,20995,11,2016,"U",,"N","F","C","2016_11_WI0160000_NIBRS",,0
2016,7396514,20995,12,2016,"U",,"N","F","C","2016_12_WI0160000_NIBRS",,0
2016,7146049,21154,1,2016,"I",,"Y","F","C","2016_01_WI0450200_NIBRS",15754804,0
2016,7168833,21154,2,2016,"I",,"Y","F","C","2016_02_WI0450200_NIBRS",7726286,0
2016,7191617,21154,3,2016,"I",,"Y","F","C","2016_03_WI0450200_NIBRS",9913761,0
2016,7214401,21154,4,2016,"I",,"Y","F","C","2016_04_WI0450200_NIBRS",15755539,0
2016,7237185,21154,5,2016,"I",,"Y","F","C","2016_05_WI0450200_NIBRS",15754884,0
2016,7259969,21154,6,2016,"I",,"Y","F","C","2016_06_WI0450200_NIBRS",15754929,0
2016,7282753,21154,7,2016,"I",,"Y","F","C","2016_07_WI0450200_NIBRS",15754962,0
2016,7145978,21083,1,2016,"I",,"Y","F","C","2016_01_WI0350000_NIBRS",1322751,0
2016,7168762,21083,2,2016,"I",,"Y","F","C","2016_02_WI0350000_NIBRS",15736928,0
2016,7191546,21083,3,2016,"I",,"Y","F","C","2016_03_WI0350000_NIBRS",3737911,0
2016,7214330,21083,4,2016,"I",,"Y","F","C","2016_04_WI0350000_NIBRS",2349102,0
2016,7146133,21238,1,2016,"U",,"N","F","C","2016_01_WI0610000_NIBRS",,0
2016,7168917,21238,2,2016,"U",,"N","F","C","2016_02_WI0610000_NIBRS",,0
2016,7191701,21238,3,2016,"U",,"N","F","C","2016_03_WI0610000_NIBRS",,0
2016,7214485,21238,4,2016,"U",,"N","F","C","2016_04_WI0610000_NIBRS",,0
2016,7237269,21238,5,2016,"U",,"N","F","C","2016_05_WI0610000_NIBRS",,0
2016,7146159,21264,1,2016,"U",,"N","F","C","2016_01_WI0650500_NIBRS",,0
2016,7168943,21264,2,2016,"U",,"N","F","C","2016_02_WI0650500_NIBRS",,0
2016,7191727,21264,3,2016,"U",,"N","F","C","2016_03_WI0650500_NIBRS",,0
2016,7214511,21264,4,2016,"U",,"N","F","C","2016_04_WI0650500_NIBRS",,0
2016,7237295,21264,5,2016,"U",,"N","F","C","2016_05_WI0650500_NIBRS",,0
2016,7260079,21264,6,2016,"U",,"N","F","C","2016_06_WI0650500_NIBRS",,0
2016,7282863,21264,7,2016,"U",,"N","F","C","2016_07_WI0650500_NIBRS",,0
2016,7305647,21264,8,2016,"U",,"N","F","C","2016_08_WI0650500_NIBRS",,0
2016,7328431,21264,9,2016,"U",,"N","F","C","2016_09_WI0650500_NIBRS",,0
2016,7351215,21264,10,2016,"U",,"N","F","C","2016_10_WI0650500_NIBRS",,0
2016,7373999,21264,11,2016,"U",,"N","F","C","2016_11_WI0650500_NIBRS",,0
2016,7396783,21264,12,2016,"U",,"N","F","C","2016_12_WI0650500_NIBRS",,0
2016,7146071,21176,1,2016,"I",,"Y","F","C","2016_01_WI0480100_NIBRS",15767101,0
2016,7168855,21176,2,2016,"I",,"Y","F","C","2016_02_WI0480100_NIBRS",15767145,0
2016,7191639,21176,3,2016,"I",,"Y","F","C","2016_03_WI0480100_NIBRS",15767208,0
2016,7214423,21176,4,2016,"I",,"Y","F","C","2016_04_WI0480100_NIBRS",15767275,0
2016,7237207,21176,5,2016,"I",,"Y","F","C","2016_05_WI0480100_NIBRS",8601514,0
2016,7259991,21176,6,2016,"I",,"Y","F","C","2016_06_WI0480100_NIBRS",9917056,0
2016,7282775,21176,7,2016,"I",,"Y","F","C","2016_07_WI0480100_NIBRS",15768071,0
2016,7305559,21176,8,2016,"I",,"Y","F","C","2016_08_WI0480100_NIBRS",15767350,0
2016,7328343,21176,9,2016,"I",,"Y","F","C","2016_09_WI0480100_NIBRS",15767431,0
2016,7351127,21176,10,2016,"I",,"Y","F","C","2016_10_WI0480100_NIBRS",9917229,0
2016,7145877,20982,1,2016,"U",,"N","F","C","2016_01_WI0140100_NIBRS",,0
2016,7168661,20982,2,2016,"U",,"N","F","C","2016_02_WI0140100_NIBRS",,0
2016,7191445,20982,3,2016,"U",,"N","F","C","2016_03_WI0140100_NIBRS",,0
2016,7214229,20982,4,2016,"U",,"N","F","C","2016_04_WI0140100_NIBRS",,0
2016,7237013,20982,5,2016,"U",,"N","F","C","2016_05_WI0140100_NIBRS",,0
2016,7259797,20982,6,2016,"U",,"N","F","C","2016_06_WI0140100_NIBRS",,0
2016,7282581,20982,7,2016,"U",,"N","F","C","2016_07_WI0140100_NIBRS",,0
2016,7146135,21240,1,2016,"U",,"N","F","C","2016_01_WI0620000_NIBRS",,0
2016,7168919,21240,2,2016,"U",,"N","F","C","2016_02_WI0620000_NIBRS",,0
2016,7146210,21315,1,2016,"U",,"N","F","C","2016_01_WI0710100_NIBRS",,0
2016,7168994,21315,2,2016,"U",,"N","F","C","2016_02_WI0710100_NIBRS",,0
2016,7191778,21315,3,2016,"U",,"N","F","C","2016_03_WI0710100_NIBRS",,0
2016,7145938,21043,1,2016,"U",,"N","F","C","2016_01_WI0270000_NIBRS",,0
2016,7145874,20979,1,2016,"U",,"N","F","C","2016_01_WI0137700_NIBRS",,0
2016,7168658,20979,2,2016,"U",,"N","F","C","2016_02_WI0137700_NIBRS",,0
2016,7191442,20979,3,2016,"U",,"N","F","C","2016_03_WI0137700_NIBRS",,0
2016,7145971,21076,1,2016,"U",,"N","F","C","2016_01_WI0330000_NIBRS",,0
2016,7168755,21076,2,2016,"U",,"N","F","C","2016_02_WI0330000_NIBRS",,0
2016,7191539,21076,3,2016,"U",,"N","F","C","2016_03_WI0330000_NIBRS",,0
2016,7214323,21076,4,2016,"U",,"N","F","C","2016_04_WI0330000_NIBRS",,0
2016,7237107,21076,5,2016,"U",,"N","F","C","2016_05_WI0330000_NIBRS",,0
2016,7259891,21076,6,2016,"U",,"N","F","C","2016_06_WI0330000_NIBRS",,0
2016,7282675,21076,7,2016,"U",,"N","F","C","2016_07_WI0330000_NIBRS",,0
2016,7305459,21076,8,2016,"U",,"N","F","C","2016_08_WI0330000_NIBRS",,0
2016,7145959,21064,1,2016,"I",,"N","F","C","2016_01_WI0310000_NIBRS",6589200,0
2016,7145823,20928,1,2016,"I",,"Y","F","C","2016_01_WI0070000_NIBRS",1225731,0
2016,7146170,21275,1,2016,"I",,"N","F","C","2016_01_WI0660000_NIBRS",,0
2016,7168954,21275,2,2016,"I",,"N","F","C","2016_02_WI0660000_NIBRS",,0
2016,7145917,21022,1,2016,"I",,"Y","F","C","2016_01_WI0220500_NIBRS",4910813,0
2016,7168701,21022,2,2016,"I",,"Y","F","C","2016_02_WI0220500_NIBRS",4910926,0
2016,7191485,21022,3,2016,"I",,"Y","F","C","2016_03_WI0220500_NIBRS",4910990,0
2016,7214269,21022,4,2016,"I",,"Y","F","C","2016_04_WI0220500_NIBRS",7709782,0
2016,7237053,21022,5,2016,"I",,"Y","F","C","2016_05_WI0220500_NIBRS",15713512,0
2016,7146018,21123,1,2016,"I",,"Y","F","C","2016_01_WI0410600_NIBRS",15682708,0
2016,7168802,21123,2,2016,"I",,"Y","F","C","2016_02_WI0410600_NIBRS",15682790,0
2016,7146174,21279,1,2016,"U",,"N","F","C","2016_01_WI0670200_NIBRS",,0
2016,7146019,21124,1,2016,"I",,"Y","F","C","2016_01_WI0410700_NIBRS",15681227,0
2016,7168803,21124,2,2016,"I",,"Y","F","C","2016_02_WI0410700_NIBRS",15681263,0
2016,7191587,21124,3,2016,"I",,"Y","F","C","2016_03_WI0410700_NIBRS",15681296,0
2016,7214371,21124,4,2016,"I",,"Y","F","C","2016_04_WI0410700_NIBRS",15681329,0
2016,7237155,21124,5,2016,"I",,"Y","F","C","2016_05_WI0410700_NIBRS",15682453,0
2016,7259939,21124,6,2016,"I",,"Y","F","C","2016_06_WI0410700_NIBRS",15682512,0
2016,7146123,21228,1,2016,"I",,"Y","F","C","2016_01_WI0580000_NIBRS",6643873,0
2016,7145854,20959,1,2016,"I",,"N","F","C","2016_01_WI0130500_NIBRS",,0
2016,7168638,20959,2,2016,"I",,"N","F","C","2016_02_WI0130500_NIBRS",,0
2016,7146014,21119,1,2016,"I",,"Y","F","C","2016_01_WI0410200_NIBRS",17134451,0
2016,7146025,21130,1,2016,"U",,"N","F","C","2016_01_WI0411300_NIBRS",,0
2016,7168809,21130,2,2016,"U",,"N","F","C","2016_02_WI0411300_NIBRS",,0
2016,7191593,21130,3,2016,"U",,"N","F","C","2016_03_WI0411300_NIBRS",,0
2016,7146083,21188,1,2016,"I",,"Y","F","C","2016_01_WI0500200_NIBRS",2373763,0
2016,7168867,21188,2,2016,"I",,"Y","F","C","2016_02_WI0500200_NIBRS",2373999,0
2016,7191651,21188,3,2016,"I",,"Y","F","C","2016_03_WI0500200_NIBRS",3762907,0
2016,7214435,21188,4,2016,"I",,"Y","F","C","2016_04_WI0500200_NIBRS",15769255,0
2016,7237219,21188,5,2016,"I",,"Y","F","C","2016_05_WI0500200_NIBRS",15769333,0
2016,7260003,21188,6,2016,"I",,"Y","F","C","2016_06_WI0500200_NIBRS",15769372,0
2016,7145873,20978,1,2016,"U",,"N","F","C","2016_01_WI0137600_NIBRS",,0
2016,7168657,20978,2,2016,"U",,"N","F","C","2016_02_WI0137600_NIBRS",,0
2016,7191441,20978,3,2016,"U",,"N","F","C","2016_03_WI0137600_NIBRS",,0
2016,7214225,20978,4,2016,"U",,"N","F","C","2016_04_WI0137600_NIBRS",,0
2016,7237009,20978,5,2016,"U",,"N","F","C","2016_05_WI0137600_NIBRS",,0
2016,7259793,20978,6,2016,"U",,"N","F","C","2016_06_WI0137600_NIBRS",,0
2016,7282577,20978,7,2016,"U",,"N","F","C","2016_07_WI0137600_NIBRS",,0
2016,7305361,20978,8,2016,"U",,"N","F","C","2016_08_WI0137600_NIBRS",,0
2016,7328145,20978,9,2016,"U",,"N","F","C","2016_09_WI0137600_NIBRS",,0
2016,7350929,20978,10,2016,"U",,"N","F","C","2016_10_WI0137600_NIBRS",,0
2016,7373713,20978,11,2016,"U",,"N","F","C","2016_11_WI0137600_NIBRS",,0
2016,7396497,20978,12,2016,"U",,"N","F","C","2016_12_WI0137600_NIBRS",,0
2016,7145831,20936,1,2016,"I",,"N","F","C","2016_01_WI0090100_NIBRS",,0
2016,7168615,20936,2,2016,"I",,"Y","F","C","2016_02_WI0090100_NIBRS",3714455,0
2016,7191399,20936,3,2016,"I",,"Y","F","C","2016_03_WI0090100_NIBRS",15690356,0
2016,7214183,20936,4,2016,"I",,"N","F","C","2016_04_WI0090100_NIBRS",,0
2016,7146030,21135,1,2016,"I",,"N","F","C","2016_01_WI0411800_NIBRS",2358879,0
2016,7168814,21135,2,2016,"I",,"N","F","C","2016_02_WI0411800_NIBRS",,0
2016,7191598,21135,3,2016,"I",,"N","F","C","2016_03_WI0411800_NIBRS",,0
2016,7145819,20924,1,2016,"U",,"N","F","C","2016_01_WI0050900_NIBRS",,0
2016,7168603,20924,2,2016,"U",,"N","F","C","2016_02_WI0050900_NIBRS",,0
2016,7191387,20924,3,2016,"U",,"N","F","C","2016_03_WI0050900_NIBRS",,0
2016,7214171,20924,4,2016,"U",,"N","F","C","2016_04_WI0050900_NIBRS",,0
2016,7236955,20924,5,2016,"U",,"N","F","C","2016_05_WI0050900_NIBRS",,0
2016,7259739,20924,6,2016,"U",,"N","F","C","2016_06_WI0050900_NIBRS",,0
2016,7282523,20924,7,2016,"U",,"N","F","C","2016_07_WI0050900_NIBRS",,0
2016,7305307,20924,8,2016,"U",,"N","F","C","2016_08_WI0050900_NIBRS",,0
2016,7328091,20924,9,2016,"U",,"N","F","C","2016_09_WI0050900_NIBRS",,0
2016,7350875,20924,10,2016,"U",,"N","F","C","2016_10_WI0050900_NIBRS",,0
2016,7373659,20924,11,2016,"U",,"N","F","C","2016_11_WI0050900_NIBRS",,0
2016,7146112,21217,1,2016,"I",,"Y","F","C","2016_01_WI0560100_NIBRS",3768504,0
2016,7168896,21217,2,2016,"I",,"N","F","C","2016_02_WI0560100_NIBRS",2378772,0
2016,7191680,21217,3,2016,"I",,"Y","F","C","2016_03_WI0560100_NIBRS",2378706,0
2016,7145931,21036,1,2016,"I",,"N","F","C","2016_01_WI0250000_NIBRS",,0
2016,7146118,21223,1,2016,"U",,"N","F","C","2016_01_WI0570200_NIBRS",,0
2016,7168902,21223,2,2016,"U",,"N","F","C","2016_02_WI0570200_NIBRS",,0
2016,7191686,21223,3,2016,"U",,"N","F","C","2016_03_WI0570200_NIBRS",,0
2016,7214470,21223,4,2016,"U",,"N","F","C","2016_04_WI0570200_NIBRS",,0
2016,7237254,21223,5,2016,"U",,"N","F","C","2016_05_WI0570200_NIBRS",,0
2016,7260038,21223,6,2016,"U",,"N","F","C","2016_06_WI0570200_NIBRS",,0
2016,7282822,21223,7,2016,"U",,"N","F","C","2016_07_WI0570200_NIBRS",,0
2016,7305606,21223,8,2016,"U",,"N","F","C","2016_08_WI0570200_NIBRS",,0
2016,7145942,21047,1,2016,"U",,"N","F","C","2016_01_WI0280100_NIBRS",,0
2016,7168726,21047,2,2016,"U",,"N","F","C","2016_02_WI0280100_NIBRS",,0
2016,7191510,21047,3,2016,"U",,"N","F","C","2016_03_WI0280100_NIBRS",,0
2016,7146097,21202,1,2016,"U",,"N","F","C","2016_01_WI0530000_NIBRS",,0
2016,7168881,21202,2,2016,"U",,"N","F","C","2016_02_WI0530000_NIBRS",,0
2016,7191665,21202,3,2016,"U",,"N","F","C","2016_03_WI0530000_NIBRS",,0
2016,7214449,21202,4,2016,"U",,"N","F","C","2016_04_WI0530000_NIBRS",,0
2016,7237233,21202,5,2016,"U",,"N","F","C","2016_05_WI0530000_NIBRS",,0
2016,7260017,21202,6,2016,"U",,"N","F","C","2016_06_WI0530000_NIBRS",,0
2016,7282801,21202,7,2016,"U",,"N","F","C","2016_07_WI0530000_NIBRS",,0
2016,7305585,21202,8,2016,"U",,"N","F","C","2016_08_WI0530000_NIBRS",,0
2016,7146193,21298,1,2016,"U",,"N","F","C","2016_01_WI0681500_NIBRS",,0
2016,7168977,21298,2,2016,"U",,"N","F","C","2016_02_WI0681500_NIBRS",,0
2016,7191761,21298,3,2016,"U",,"N","F","C","2016_03_WI0681500_NIBRS",,0
2016,7214545,21298,4,2016,"U",,"N","F","C","2016_04_WI0681500_NIBRS",,0
2016,7237329,21298,5,2016,"U",,"N","F","C","2016_05_WI0681500_NIBRS",,0
2016,7260113,21298,6,2016,"U",,"N","F","C","2016_06_WI0681500_NIBRS",,0
2016,7282897,21298,7,2016,"U",,"N","F","C","2016_07_WI0681500_NIBRS",,0
2016,7305681,21298,8,2016,"U",,"N","F","C","2016_08_WI0681500_NIBRS",,0
2016,7146035,21140,1,2016,"U",,"N","F","C","2016_01_WI0420200_NIBRS",,0
2016,7168819,21140,2,2016,"U",,"N","F","C","2016_02_WI0420200_NIBRS",,0
2016,7191603,21140,3,2016,"U",,"N","F","C","2016_03_WI0420200_NIBRS",,0
2016,7214387,21140,4,2016,"U",,"N","F","C","2016_04_WI0420200_NIBRS",,0
2016,7237171,21140,5,2016,"U",,"N","F","C","2016_05_WI0420200_NIBRS",,0
2016,7259955,21140,6,2016,"U",,"N","F","C","2016_06_WI0420200_NIBRS",,0
2016,7282739,21140,7,2016,"U",,"N","F","C","2016_07_WI0420200_NIBRS",,0
2016,7146109,21214,1,2016,"I",,"N","F","C","2016_01_WI0550000_NIBRS",,0
2016,7168893,21214,2,2016,"I",,"N","F","C","2016_02_WI0550000_NIBRS",,0
2016,7191677,21214,3,2016,"I",,"Y","F","C","2016_03_WI0550000_NIBRS",9921678,0
2016,7214461,21214,4,2016,"I",,"Y","F","C","2016_04_WI0550000_NIBRS",15778651,0
2016,7237245,21214,5,2016,"I",,"Y","F","C","2016_05_WI0550000_NIBRS",6637827,0
2016,7145922,21027,1,2016,"U",,"N","F","C","2016_01_WI0230100_NIBRS",,0
2016,7168706,21027,2,2016,"U",,"N","F","C","2016_02_WI0230100_NIBRS",,0
2016,7191490,21027,3,2016,"U",,"N","F","C","2016_03_WI0230100_NIBRS",,0
2016,7214274,21027,4,2016,"U",,"N","F","C","2016_04_WI0230100_NIBRS",,0
2016,7237058,21027,5,2016,"U",,"N","F","C","2016_05_WI0230100_NIBRS",,0
2016,7259842,21027,6,2016,"U",,"N","F","C","2016_06_WI0230100_NIBRS",,0
2016,7282626,21027,7,2016,"U",,"N","F","C","2016_07_WI0230100_NIBRS",,0
2016,7305410,21027,8,2016,"U",,"N","F","C","2016_08_WI0230100_NIBRS",,0
2016,7328194,21027,9,2016,"U",,"N","F","C","2016_09_WI0230100_NIBRS",,0
2016,7350978,21027,10,2016,"U",,"N","F","C","2016_10_WI0230100_NIBRS",,0
2016,7373762,21027,11,2016,"U",,"N","F","C","2016_11_WI0230100_NIBRS",,0
2016,7145865,20970,1,2016,"I",,"N","F","C","2016_01_WI0136700_NIBRS",2264048,0
2016,7168649,20970,2,2016,"I",,"N","F","C","2016_02_WI0136700_NIBRS",,0
2016,7191433,20970,3,2016,"I",,"N","F","C","2016_03_WI0136700_NIBRS",,0
2016,7214217,20970,4,2016,"I",,"N","F","C","2016_04_WI0136700_NIBRS",,0
2016,7237001,20970,5,2016,"I",,"N","F","C","2016_05_WI0136700_NIBRS",2264112,0
2016,7259785,20970,6,2016,"I",,"Y","F","C","2016_06_WI0136700_NIBRS",8579717,0
2016,7282569,20970,7,2016,"I",,"Y","F","C","2016_07_WI0136700_NIBRS",1297865,0
2016,7305353,20970,8,2016,"I",,"Y","F","C","2016_08_WI0136700_NIBRS",1297905,0
2016,7328137,20970,9,2016,"I",,"Y","F","C","2016_09_WI0136700_NIBRS",1297971,0
2016,7350921,20970,10,2016,"I",,"Y","F","C","2016_10_WI0136700_NIBRS",1298068,0
2016,7373705,20970,11,2016,"I",,"Y","F","C","2016_11_WI0136700_NIBRS",2263924,0
2016,7396489,20970,12,2016,"I",,"Y","F","C","2016_12_WI0136700_NIBRS",2263982,0
2016,7259791,20976,6,2016,"I",,"Y","F","C","2016_06_WI0137400_NIBRS",1314063,0
2016,7282575,20976,7,2016,"I",,"Y","F","C","2016_07_WI0137400_NIBRS",1314149,0
2016,7305359,20976,8,2016,"I",,"N","F","C","2016_08_WI0137400_NIBRS",,0
2016,7328143,20976,9,2016,"I",,"Y","F","C","2016_09_WI0137400_NIBRS",3724315,0
2016,7350927,20976,10,2016,"I",,"N","F","C","2016_10_WI0137400_NIBRS",1314237,0
2016,7373711,20976,11,2016,"I",,"N","F","C","2016_11_WI0137400_NIBRS",1314330,0
2016,7396495,20976,12,2016,"I",,"Y","F","C","2016_12_WI0137400_NIBRS",3724371,0
2016,7214447,21200,4,2016,"U",,"N","F","C","2016_04_WI0520700_NIBRS",,0
2016,7237231,21200,5,2016,"U",,"N","F","C","2016_05_WI0520700_NIBRS",18012664,0
2016,7260015,21200,6,2016,"U",,"N","F","C","2016_06_WI0520700_NIBRS",,0
2016,7282799,21200,7,2016,"U",,"N","F","C","2016_07_WI0520700_NIBRS",,0
2016,7305583,21200,8,2016,"U",,"N","F","C","2016_08_WI0520700_NIBRS",18012540,0
2016,7328367,21200,9,2016,"U",,"N","F","C","2016_09_WI0520700_NIBRS",18012493,0
2016,7351151,21200,10,2016,"U",,"N","F","C","2016_10_WI0520700_NIBRS",18012282,0
2016,7373935,21200,11,2016,"U",,"N","F","C","2016_11_WI0520700_NIBRS",18012474,0
2016,7282639,21040,7,2016,"U",,"N","F","C","2016_07_WI0250800_NIBRS",,0
2016,7305423,21040,8,2016,"U",,"N","F","C","2016_08_WI0250800_NIBRS",,0
2016,7328207,21040,9,2016,"U",,"N","F","C","2016_09_WI0250800_NIBRS",,0
2016,7350991,21040,10,2016,"U",,"N","F","C","2016_10_WI0250800_NIBRS",,0
2016,7373775,21040,11,2016,"U",,"N","F","C","2016_11_WI0250800_NIBRS",,0
2016,7396559,21040,12,2016,"U",,"N","F","C","2016_12_WI0250800_NIBRS",,0
2016,7145888,20993,1,2016,"U",,"N","F","C","2016_01_WI0150200_NIBRS",,0
2016,7168672,20993,2,2016,"U",,"N","F","C","2016_02_WI0150200_NIBRS",,0
2016,7191456,20993,3,2016,"U",,"N","F","C","2016_03_WI0150200_NIBRS",,0
2016,7214240,20993,4,2016,"U",,"N","F","C","2016_04_WI0150200_NIBRS",,0
2016,7237024,20993,5,2016,"U",,"N","F","C","2016_05_WI0150200_NIBRS",,0
2016,7259808,20993,6,2016,"U",,"N","F","C","2016_06_WI0150200_NIBRS",,0
2016,7282592,20993,7,2016,"U",,"N","F","C","2016_07_WI0150200_NIBRS",,0
2016,7305376,20993,8,2016,"U",,"N","F","C","2016_08_WI0150200_NIBRS",,0
2016,7328160,20993,9,2016,"U",,"N","F","C","2016_09_WI0150200_NIBRS",,0
2016,7350944,20993,10,2016,"U",,"N","F","C","2016_10_WI0150200_NIBRS",,0
2016,7373728,20993,11,2016,"U",,"N","F","C","2016_11_WI0150200_NIBRS",,0
2016,7396512,20993,12,2016,"U",,"N","F","C","2016_12_WI0150200_NIBRS",,0
2016,7145895,21000,1,2016,"U",,"N","F","C","2016_01_WI0170500_NIBRS",,0
2016,7168679,21000,2,2016,"U",,"N","F","C","2016_02_WI0170500_NIBRS",,0
2016,7191463,21000,3,2016,"U",,"N","F","C","2016_03_WI0170500_NIBRS",,0
2016,7214247,21000,4,2016,"U",,"N","F","C","2016_04_WI0170500_NIBRS",,0
2016,7237031,21000,5,2016,"U",,"N","F","C","2016_05_WI0170500_NIBRS",,0
2016,7259815,21000,6,2016,"U",,"N","F","C","2016_06_WI0170500_NIBRS",,0
2016,7282599,21000,7,2016,"U",,"N","F","C","2016_07_WI0170500_NIBRS",,0
2016,7305383,21000,8,2016,"U",,"N","F","C","2016_08_WI0170500_NIBRS",,0
2016,7328167,21000,9,2016,"U",,"N","F","C","2016_09_WI0170500_NIBRS",,0
2016,7350951,21000,10,2016,"U",,"N","F","C","2016_10_WI0170500_NIBRS",,0
2016,7373735,21000,11,2016,"U",,"N","F","C","2016_11_WI0170500_NIBRS",,0
2016,7396519,21000,12,2016,"U",,"N","F","C","2016_12_WI0170500_NIBRS",,0
2016,7214541,21294,4,2016,"U",,"N","F","C","2016_04_WI0681000_NIBRS",,0
2016,7237325,21294,5,2016,"U",,"N","F","C","2016_05_WI0681000_NIBRS",,0
2016,7260109,21294,6,2016,"U",,"N","F","C","2016_06_WI0681000_NIBRS",,0
2016,7282893,21294,7,2016,"U",,"N","F","C","2016_07_WI0681000_NIBRS",,0
2016,7305677,21294,8,2016,"U",,"N","F","C","2016_08_WI0681000_NIBRS",,0
2016,7328461,21294,9,2016,"U",,"N","F","C","2016_09_WI0681000_NIBRS",,0
2016,7351245,21294,10,2016,"U",,"N","F","C","2016_10_WI0681000_NIBRS",,0
2016,7146008,21113,1,2016,"Z",,"N","F","C","2016_01_WI0390400_NIBRS",4890062,0
2016,7168792,21113,2,2016,"I",,"N","F","C","2016_02_WI0390400_NIBRS",,0
2016,7191576,21113,3,2016,"Z",,"N","F","C","2016_03_WI0390400_NIBRS",4890096,0
2016,7214360,21113,4,2016,"I",,"N","F","C","2016_04_WI0390400_NIBRS",,0
2016,7237144,21113,5,2016,"I",,"N","F","C","2016_05_WI0390400_NIBRS",,0
2016,7259928,21113,6,2016,"Z",,"N","F","C","2016_06_WI0390400_NIBRS",4890148,0
2016,7282712,21113,7,2016,"I",,"Y","F","C","2016_07_WI0390400_NIBRS",15742783,0
2016,7305496,21113,8,2016,"I",,"N","F","C","2016_08_WI0390400_NIBRS",,0
2016,7328280,21113,9,2016,"I",,"Y","F","C","2016_09_WI0390400_NIBRS",15742863,0
2016,7351064,21113,10,2016,"I",,"N","F","C","2016_10_WI0390400_NIBRS",,0
2016,7373848,21113,11,2016,"Z",,"N","F","C","2016_11_WI0390400_NIBRS",4890190,0
2016,7396632,21113,12,2016,"I",,"N","F","C","2016_12_WI0390400_NIBRS",1326966,0
2016,7146007,21112,1,2016,"Z",,"N","F","C","2016_01_WI0390300_NIBRS",4890055,0
2016,7168791,21112,2,2016,"Z",,"N","F","C","2016_02_WI0390300_NIBRS",4890094,0
2016,7191575,21112,3,2016,"Z",,"N","F","C","2016_03_WI0390300_NIBRS",4890141,0
2016,7214359,21112,4,2016,"I",,"N","F","C","2016_04_WI0390300_NIBRS",,0
2016,7237143,21112,5,2016,"I",,"N","F","C","2016_05_WI0390300_NIBRS",,0
2016,7259927,21112,6,2016,"I",,"N","F","C","2016_06_WI0390300_NIBRS",,0
2016,7282711,21112,7,2016,"I",,"Y","F","C","2016_07_WI0390300_NIBRS",3739453,0
2016,7305495,21112,8,2016,"I",,"N","F","C","2016_08_WI0390300_NIBRS",,0
2016,7328279,21112,9,2016,"Z",,"N","F","C","2016_09_WI0390300_NIBRS",4890211,0
2016,7351063,21112,10,2016,"Z",,"N","F","C","2016_10_WI0390300_NIBRS",4890234,0
2016,7373847,21112,11,2016,"Z",,"N","F","C","2016_11_WI0390300_NIBRS",4890298,0
2016,7396631,21112,12,2016,"Z",,"N","F","C","2016_12_WI0390300_NIBRS",4890344,0
2016,7147422,25724,1,2016,"U",,"N","F","C","2016_01_WI0681300_NIBRS",,0
2016,7170206,25724,2,2016,"U",,"N","F","C","2016_02_WI0681300_NIBRS",,0
2016,7192990,25724,3,2016,"U",,"N","F","C","2016_03_WI0681300_NIBRS",,0
2016,7215774,25724,4,2016,"U",,"N","F","C","2016_04_WI0681300_NIBRS",,0
2016,7238558,25724,5,2016,"U",,"N","F","C","2016_05_WI0681300_NIBRS",,0
2016,7261342,25724,6,2016,"U",,"N","F","C","2016_06_WI0681300_NIBRS",,0
2016,7284126,25724,7,2016,"U",,"N","F","C","2016_07_WI0681300_NIBRS",,0
2016,7306910,25724,8,2016,"U",,"N","F","C","2016_08_WI0681300_NIBRS",,0
2016,7329694,25724,9,2016,"U",,"N","F","C","2016_09_WI0681300_NIBRS",,0
2016,7352478,25724,10,2016,"U",,"N","F","C","2016_10_WI0681300_NIBRS",,0
2016,7375262,25724,11,2016,"U",,"N","F","C","2016_11_WI0681300_NIBRS",,0
2016,7398046,25724,12,2016,"U",,"N","F","C","2016_12_WI0681300_NIBRS",,0
2016,7146142,21247,1,2016,"U",,"N","F","C","2016_01_WI0620900_NIBRS",,0
2016,7168926,21247,2,2016,"U",,"N","F","C","2016_02_WI0620900_NIBRS",,0
2016,7191710,21247,3,2016,"U",,"N","F","C","2016_03_WI0620900_NIBRS",,0
2016,7214494,21247,4,2016,"U",,"N","F","C","2016_04_WI0620900_NIBRS",,0
2016,7237278,21247,5,2016,"U",,"N","F","C","2016_05_WI0620900_NIBRS",,0
2016,7260062,21247,6,2016,"U",,"N","F","C","2016_06_WI0620900_NIBRS",,0
2016,7282846,21247,7,2016,"U",,"N","F","C","2016_07_WI0620900_NIBRS",,0
2016,7305630,21247,8,2016,"U",,"N","F","C","2016_08_WI0620900_NIBRS",,0
2016,7328414,21247,9,2016,"U",,"N","F","C","2016_09_WI0620900_NIBRS",,0
2016,7351198,21247,10,2016,"U",,"N","F","C","2016_10_WI0620900_NIBRS",,0
2016,7168593,20914,2,2016,"U",,"N","F","C","2016_02_WI0040200_NIBRS",,0
2016,7191377,20914,3,2016,"U",,"N","F","C","2016_03_WI0040200_NIBRS",,0
2016,7214161,20914,4,2016,"U",,"N","F","C","2016_04_WI0040200_NIBRS",,0
2016,7236945,20914,5,2016,"U",,"N","F","C","2016_05_WI0040200_NIBRS",,0
2016,7259729,20914,6,2016,"U",,"N","F","C","2016_06_WI0040200_NIBRS",,0
2016,7282513,20914,7,2016,"U",,"N","F","C","2016_07_WI0040200_NIBRS",,0
2016,7305297,20914,8,2016,"U",,"N","F","C","2016_08_WI0040200_NIBRS",,0
2016,7328081,20914,9,2016,"U",,"N","F","C","2016_09_WI0040200_NIBRS",,0
2016,7350865,20914,10,2016,"U",,"N","F","C","2016_10_WI0040200_NIBRS",,0
2016,7373649,20914,11,2016,"U",,"N","F","C","2016_11_WI0040200_NIBRS",,0
2016,7396433,20914,12,2016,"U",,"N","F","C","2016_12_WI0040200_NIBRS",,0
2016,7146037,21142,1,2016,"U",,"N","F","C","2016_01_WI0420400_NIBRS",,0
2016,7168821,21142,2,2016,"U",,"N","F","C","2016_02_WI0420400_NIBRS",,0
2016,7191605,21142,3,2016,"U",,"N","F","C","2016_03_WI0420400_NIBRS",,0
2016,7214389,21142,4,2016,"U",,"N","F","C","2016_04_WI0420400_NIBRS",,0
2016,7237173,21142,5,2016,"U",,"N","F","C","2016_05_WI0420400_NIBRS",,0
2016,7259957,21142,6,2016,"U",,"N","F","C","2016_06_WI0420400_NIBRS",,0
2016,7282741,21142,7,2016,"U",,"N","F","C","2016_07_WI0420400_NIBRS",,0
2016,7305525,21142,8,2016,"U",,"N","F","C","2016_08_WI0420400_NIBRS",,0
2016,7328309,21142,9,2016,"U",,"N","F","C","2016_09_WI0420400_NIBRS",,0
2016,7351093,21142,10,2016,"U",,"N","F","C","2016_10_WI0420400_NIBRS",,0
2016,7373877,21142,11,2016,"U",,"N","F","C","2016_11_WI0420400_NIBRS",,0
2016,7396661,21142,12,2016,"U",,"N","F","C","2016_12_WI0420400_NIBRS",,0
2016,7146009,21114,1,2016,"I",,"N","F","C","2016_01_WI0390500_NIBRS",,0
2016,7168793,21114,2,2016,"I",,"N","F","C","2016_02_WI0390500_NIBRS",,0
2016,7191577,21114,3,2016,"Z",,"N","F","C","2016_03_WI0390500_NIBRS",4890054,0
2016,7214361,21114,4,2016,"I",,"N","F","C","2016_04_WI0390500_NIBRS",,0
2016,7237145,21114,5,2016,"Z",,"N","F","C","2016_05_WI0390500_NIBRS",4890086,0
2016,7259929,21114,6,2016,"Z",,"N","F","C","2016_06_WI0390500_NIBRS",4890134,0
2016,7282713,21114,7,2016,"I",,"N","F","C","2016_07_WI0390500_NIBRS",,0
2016,7305497,21114,8,2016,"I",,"N","F","C","2016_08_WI0390500_NIBRS",,0
2016,7328281,21114,9,2016,"I",,"N","F","C","2016_09_WI0390500_NIBRS",,0
2016,7351065,21114,10,2016,"I",,"N","F","C","2016_10_WI0390500_NIBRS",1327151,0
2016,7373849,21114,11,2016,"Z",,"N","F","C","2016_11_WI0390500_NIBRS",4890174,0
2016,7396633,21114,12,2016,"Z",,"N","F","C","2016_12_WI0390500_NIBRS",4890212,0
2016,7147153,25298,1,2016,"U",,"N","F","C","2016_01_WI0610400_NIBRS",,0
2016,7169937,25298,2,2016,"U",,"N","F","C","2016_02_WI0610400_NIBRS",,0
2016,7192721,25298,3,2016,"U",,"N","F","C","2016_03_WI0610400_NIBRS",,0
2016,7215505,25298,4,2016,"U",,"N","F","C","2016_04_WI0610400_NIBRS",,0
2016,7238289,25298,5,2016,"U",,"N","F","C","2016_05_WI0610400_NIBRS",,0
2016,7261073,25298,6,2016,"U",,"N","F","C","2016_06_WI0610400_NIBRS",,0
2016,7283857,25298,7,2016,"U",,"N","F","C","2016_07_WI0610400_NIBRS",,0
2016,7306641,25298,8,2016,"U",,"N","F","C","2016_08_WI0610400_NIBRS",,0
2016,7329425,25298,9,2016,"U",,"N","F","C","2016_09_WI0610400_NIBRS",,0
2016,7352209,25298,10,2016,"U",,"N","F","C","2016_10_WI0610400_NIBRS",,0
2016,7374993,25298,11,2016,"U",,"N","F","C","2016_11_WI0610400_NIBRS",,0
2016,7397777,25298,12,2016,"U",,"N","F","C","2016_12_WI0610400_NIBRS",,0
2016,7168933,21254,2,2016,"U",,"N","F","C","2016_02_WI0630800_NIBRS",,0
2016,7191717,21254,3,2016,"U",,"N","F","C","2016_03_WI0630800_NIBRS",,0
2016,7214501,21254,4,2016,"U",,"N","F","C","2016_04_WI0630800_NIBRS",,0
2016,7237285,21254,5,2016,"U",,"N","F","C","2016_05_WI0630800_NIBRS",,0
2016,7260069,21254,6,2016,"U",,"N","F","C","2016_06_WI0630800_NIBRS",,0
2016,7282853,21254,7,2016,"U",,"N","F","C","2016_07_WI0630800_NIBRS",,0
2016,7305637,21254,8,2016,"U",,"N","F","C","2016_08_WI0630800_NIBRS",,0
2016,7328421,21254,9,2016,"U",,"N","F","C","2016_09_WI0630800_NIBRS",,0
2016,7351205,21254,10,2016,"U",,"N","F","C","2016_10_WI0630800_NIBRS",,0
2016,7373989,21254,11,2016,"U",,"N","F","C","2016_11_WI0630800_NIBRS",,0
2016,7396773,21254,12,2016,"U",,"N","F","C","2016_12_WI0630800_NIBRS",,0
2016,7374056,21321,11,2016,"U",,"N","F","C","2016_11_WI0710700_NIBRS",,0
2016,7396840,21321,12,2016,"U",,"N","F","C","2016_12_WI0710700_NIBRS",,0
2016,7259895,21080,6,2016,"U",,"N","F","C","2016_06_WI0330700_NIBRS",,0
2016,7282679,21080,7,2016,"U",,"N","F","C","2016_07_WI0330700_NIBRS",,0
2016,7305463,21080,8,2016,"U",,"N","F","C","2016_08_WI0330700_NIBRS",,0
2016,7328247,21080,9,2016,"U",,"N","F","C","2016_09_WI0330700_NIBRS",,0
2016,7351031,21080,10,2016,"U",,"N","F","C","2016_10_WI0330700_NIBRS",,0
2016,7373815,21080,11,2016,"U",,"N","F","C","2016_11_WI0330700_NIBRS",,0
2016,7396599,21080,12,2016,"U",,"N","F","C","2016_12_WI0330700_NIBRS",,0
2016,7282696,21097,7,2016,"U",,"N","F","C","2016_07_WI0370400_NIBRS",,0
2016,7305480,21097,8,2016,"U",,"N","F","C","2016_08_WI0370400_NIBRS",,0
2016,7328264,21097,9,2016,"U",,"N","F","C","2016_09_WI0370400_NIBRS",,0
2016,7351048,21097,10,2016,"U",,"N","F","C","2016_10_WI0370400_NIBRS",,0
2016,7373832,21097,11,2016,"U",,"N","F","C","2016_11_WI0370400_NIBRS",,0
2016,7396616,21097,12,2016,"U",,"N","F","C","2016_12_WI0370400_NIBRS",,0
2016,7237277,21246,5,2016,"U",,"N","F","C","2016_05_WI0620800_NIBRS",,0
2016,7260061,21246,6,2016,"U",,"N","F","C","2016_06_WI0620800_NIBRS",,0
2016,7282845,21246,7,2016,"U",,"N","F","C","2016_07_WI0620800_NIBRS",,0
2016,7305629,21246,8,2016,"U",,"N","F","C","2016_08_WI0620800_NIBRS",,0
2016,7328413,21246,9,2016,"U",,"N","F","C","2016_09_WI0620800_NIBRS",,0
2016,7351197,21246,10,2016,"U",,"N","F","C","2016_10_WI0620800_NIBRS",,0
2016,7373981,21246,11,2016,"U",,"N","F","C","2016_11_WI0620800_NIBRS",,0
2016,7396765,21246,12,2016,"U",,"N","F","C","2016_12_WI0620800_NIBRS",,0
2016,7191498,21035,3,2016,"U",,"N","F","C","2016_03_WI0240500_NIBRS",,0
2016,7214282,21035,4,2016,"U",,"N","F","C","2016_04_WI0240500_NIBRS",,0
2016,7237066,21035,5,2016,"U",,"N","F","C","2016_05_WI0240500_NIBRS",,0
2016,7259850,21035,6,2016,"U",,"N","F","C","2016_06_WI0240500_NIBRS",,0
2016,7282634,21035,7,2016,"U",,"N","F","C","2016_07_WI0240500_NIBRS",,0
2016,7305418,21035,8,2016,"U",,"N","F","C","2016_08_WI0240500_NIBRS",,0
2016,7328202,21035,9,2016,"U",,"N","F","C","2016_09_WI0240500_NIBRS",,0
2016,7350986,21035,10,2016,"U",,"N","F","C","2016_10_WI0240500_NIBRS",,0
2016,7373770,21035,11,2016,"U",,"N","F","C","2016_11_WI0240500_NIBRS",,0
2016,7396554,21035,12,2016,"U",,"N","F","C","2016_12_WI0240500_NIBRS",,0
2016,7373824,21089,11,2016,"U",,"N","F","C","2016_11_WI0360400_NIBRS",,0
2016,7396608,21089,12,2016,"U",,"N","F","C","2016_12_WI0360400_NIBRS",,0
2016,7396449,20930,12,2016,"I",,"Y","F","C","2016_12_WI0070200_NIBRS",3661400,0
2016,7260070,21255,6,2016,"U",,"N","F","C","2016_06_WI0630900_NIBRS",,0
2016,7282854,21255,7,2016,"U",,"N","F","C","2016_07_WI0630900_NIBRS",,0
2016,7305638,21255,8,2016,"U",,"N","F","C","2016_08_WI0630900_NIBRS",,0
2016,7328422,21255,9,2016,"U",,"N","F","C","2016_09_WI0630900_NIBRS",,0
2016,7351206,21255,10,2016,"U",,"N","F","C","2016_10_WI0630900_NIBRS",,0
2016,7373990,21255,11,2016,"U",,"N","F","C","2016_11_WI0630900_NIBRS",,0
2016,7396774,21255,12,2016,"U",,"N","F","C","2016_12_WI0630900_NIBRS",,0
2016,7374029,21294,11,2016,"U",,"N","F","C","2016_11_WI0681000_NIBRS",,0
2016,7396813,21294,12,2016,"U",,"N","F","C","2016_12_WI0681000_NIBRS",,0
2016,7373982,21247,11,2016,"U",,"N","F","C","2016_11_WI0620900_NIBRS",,0
2016,7396766,21247,12,2016,"U",,"N","F","C","2016_12_WI0620900_NIBRS",,0
2016,7260052,21237,6,2016,"U",,"N","F","C","2016_06_WI0600600_NIBRS",,0
2016,7282836,21237,7,2016,"U",,"N","F","C","2016_07_WI0600600_NIBRS",,0
2016,7305620,21237,8,2016,"U",,"N","F","C","2016_08_WI0600600_NIBRS",,0
2016,7328404,21237,9,2016,"U",,"N","F","C","2016_09_WI0600600_NIBRS",,0
2016,7351188,21237,10,2016,"U",,"N","F","C","2016_10_WI0600600_NIBRS",,0
2016,7373972,21237,11,2016,"U",,"N","F","C","2016_11_WI0600600_NIBRS",,0
2016,7396756,21237,12,2016,"U",,"N","F","C","2016_12_WI0600600_NIBRS",,0
2016,7168656,20977,2,2016,"I",,"N","F","C","2016_02_WI0137500_NIBRS",,0
2016,7191440,20977,3,2016,"I",,"N","F","C","2016_03_WI0137500_NIBRS",,0
2016,7214224,20977,4,2016,"I",,"N","F","C","2016_04_WI0137500_NIBRS",,0
2016,7237008,20977,5,2016,"I",,"N","F","C","2016_05_WI0137500_NIBRS",,0
2016,7259792,20977,6,2016,"I",,"N","F","C","2016_06_WI0137500_NIBRS",,0
2016,7282576,20977,7,2016,"I",,"N","F","C","2016_07_WI0137500_NIBRS",2264353,0
2016,7305360,20977,8,2016,"I",,"N","F","C","2016_08_WI0137500_NIBRS",,0
2016,7328144,20977,9,2016,"I",,"N","F","C","2016_09_WI0137500_NIBRS",,0
2016,7350928,20977,10,2016,"I",,"N","F","C","2016_10_WI0137500_NIBRS",,0
2016,7373712,20977,11,2016,"I",,"N","F","C","2016_11_WI0137500_NIBRS",1314211,0
2016,7396496,20977,12,2016,"I",,"N","F","C","2016_12_WI0137500_NIBRS",1314252,0
2016,7282611,21012,7,2016,"U",,"N","F","C","2016_07_WI0200300_NIBRS",,0
2016,7305395,21012,8,2016,"U",,"N","F","C","2016_08_WI0200300_NIBRS",,0
2016,7328179,21012,9,2016,"U",,"N","F","C","2016_09_WI0200300_NIBRS",,0
2016,7350963,21012,10,2016,"U",,"N","F","C","2016_10_WI0200300_NIBRS",,0
2016,7373747,21012,11,2016,"U",,"N","F","C","2016_11_WI0200300_NIBRS",,0
2016,7396531,21012,12,2016,"U",,"N","F","C","2016_12_WI0200300_NIBRS",,0
2016,7146046,21151,1,2016,"I",,"N","F","C","2016_01_WI0440400_NIBRS",,0
2016,7168830,21151,2,2016,"I",,"N","F","C","2016_02_WI0440400_NIBRS",,0
2016,7191614,21151,3,2016,"I",,"N","F","C","2016_03_WI0440400_NIBRS",,0
2016,7214398,21151,4,2016,"I",,"N","F","C","2016_04_WI0440400_NIBRS",,0
2016,7237182,21151,5,2016,"I",,"Y","F","C","2016_05_WI0440400_NIBRS",15751588,0
2016,7259966,21151,6,2016,"I",,"N","F","C","2016_06_WI0440400_NIBRS",,0
2016,7282750,21151,7,2016,"I",,"N","F","C","2016_07_WI0440400_NIBRS",,0
2016,7305534,21151,8,2016,"I",,"N","F","C","2016_08_WI0440400_NIBRS",,0
2016,7328318,21151,9,2016,"I",,"N","F","C","2016_09_WI0440400_NIBRS",2360617,0
2016,7351102,21151,10,2016,"I",,"N","F","C","2016_10_WI0440400_NIBRS",3757476,0
2016,7373886,21151,11,2016,"I",,"N","F","C","2016_11_WI0440400_NIBRS",2360497,0
2016,7396670,21151,12,2016,"I",,"N","F","C","2016_12_WI0440400_NIBRS",2360563,0
2016,7305676,21293,8,2016,"U",,"N","F","C","2016_08_WI0680900_NIBRS",,0
2016,7328460,21293,9,2016,"U",,"N","F","C","2016_09_WI0680900_NIBRS",,0
2016,7351244,21293,10,2016,"U",,"N","F","C","2016_10_WI0680900_NIBRS",,0
2016,7374028,21293,11,2016,"U",,"N","F","C","2016_11_WI0680900_NIBRS",,0
2016,7396812,21293,12,2016,"U",,"N","F","C","2016_12_WI0680900_NIBRS",,0
2016,7145918,21023,1,2016,"I",,"N","F","C","2016_01_WI0220800_NIBRS",,0
2016,7168702,21023,2,2016,"I",,"N","F","C","2016_02_WI0220800_NIBRS",,0
2016,7191486,21023,3,2016,"I",,"N","F","C","2016_03_WI0220800_NIBRS",,0
2016,7214270,21023,4,2016,"I",,"N","F","C","2016_04_WI0220800_NIBRS",,0
2016,7237054,21023,5,2016,"I",,"N","F","C","2016_05_WI0220800_NIBRS",,0
2016,7259838,21023,6,2016,"I",,"Y","F","C","2016_06_WI0220800_NIBRS",2344414,0
2016,7282622,21023,7,2016,"I",,"Y","F","C","2016_07_WI0220800_NIBRS",2344447,0
2016,7305406,21023,8,2016,"I",,"Y","F","C","2016_08_WI0220800_NIBRS",1316237,0
2016,7328190,21023,9,2016,"I",,"N","F","C","2016_09_WI0220800_NIBRS",,0
2016,7350974,21023,10,2016,"Z",,"N","F","C","2016_10_WI0220800_NIBRS",4890056,0
2016,7373758,21023,11,2016,"I",,"Y","F","C","2016_11_WI0220800_NIBRS",3725748,0
2016,7396542,21023,12,2016,"I",,"Y","F","C","2016_12_WI0220800_NIBRS",3725766,0
2016,7146045,21150,1,2016,"I",,"N","F","C","2016_01_WI0440300_NIBRS",,0
2016,7145806,20911,1,2016,"U",,"N","F","C","2016_01_WI0030400_NIBRS",,0
2016,7168590,20911,2,2016,"U",,"N","F","C","2016_02_WI0030400_NIBRS",,0
2016,7191374,20911,3,2016,"U",,"N","F","C","2016_03_WI0030400_NIBRS",,0
2016,7214158,20911,4,2016,"U",,"N","F","C","2016_04_WI0030400_NIBRS",,0
2016,7236942,20911,5,2016,"U",,"N","F","C","2016_05_WI0030400_NIBRS",,0
2016,7259726,20911,6,2016,"U",,"N","F","C","2016_06_WI0030400_NIBRS",,0
2016,7282510,20911,7,2016,"U",,"N","F","C","2016_07_WI0030400_NIBRS",,0
2016,7305294,20911,8,2016,"U",,"N","F","C","2016_08_WI0030400_NIBRS",,0
2016,7328078,20911,9,2016,"U",,"N","F","C","2016_09_WI0030400_NIBRS",,0
2016,7350862,20911,10,2016,"U",,"N","F","C","2016_10_WI0030400_NIBRS",,0
2016,7373646,20911,11,2016,"U",,"N","F","C","2016_11_WI0030400_NIBRS",,0
2016,7396430,20911,12,2016,"U",,"N","F","C","2016_12_WI0030400_NIBRS",,0
2016,7146106,21211,1,2016,"U",,"N","F","C","2016_01_WI0540700_NIBRS",,0
2016,7168890,21211,2,2016,"U",,"N","F","C","2016_02_WI0540700_NIBRS",,0
2016,7191674,21211,3,2016,"U",,"N","F","C","2016_03_WI0540700_NIBRS",,0
2016,7214458,21211,4,2016,"U",,"N","F","C","2016_04_WI0540700_NIBRS",,0
2016,7237242,21211,5,2016,"U",,"N","F","C","2016_05_WI0540700_NIBRS",,0
2016,7260026,21211,6,2016,"U",,"N","F","C","2016_06_WI0540700_NIBRS",,0
2016,7282810,21211,7,2016,"U",,"N","F","C","2016_07_WI0540700_NIBRS",,0
2016,7305594,21211,8,2016,"U",,"N","F","C","2016_08_WI0540700_NIBRS",,0
2016,7328378,21211,9,2016,"U",,"N","F","C","2016_09_WI0540700_NIBRS",,0
2016,7351162,21211,10,2016,"U",,"N","F","C","2016_10_WI0540700_NIBRS",,0
2016,7373946,21211,11,2016,"U",,"N","F","C","2016_11_WI0540700_NIBRS",,0
2016,7396730,21211,12,2016,"U",,"N","F","C","2016_12_WI0540700_NIBRS",,0
2016,7305649,21266,8,2016,"U",,"N","F","C","2016_08_WI0650800_NIBRS",,0
2016,7328433,21266,9,2016,"U",,"N","F","C","2016_09_WI0650800_NIBRS",,0
2016,7351217,21266,10,2016,"U",,"N","F","C","2016_10_WI0650800_NIBRS",,0
2016,7374001,21266,11,2016,"U",,"N","F","C","2016_11_WI0650800_NIBRS",,0
2016,7396785,21266,12,2016,"U",,"N","F","C","2016_12_WI0650800_NIBRS",,0
2016,7145946,21051,1,2016,"I",,"Y","F","C","2016_01_WI0280600_NIBRS",3735068,0
2016,7168730,21051,2,2016,"I",,"Y","F","C","2016_02_WI0280600_NIBRS",15719059,0
2016,7191514,21051,3,2016,"I",,"Y","F","C","2016_03_WI0280600_NIBRS",2346057,0
2016,7214298,21051,4,2016,"I",,"Y","F","C","2016_04_WI0280600_NIBRS",3735115,0
2016,7237082,21051,5,2016,"I",,"Y","F","C","2016_05_WI0280600_NIBRS",3735165,0
2016,7259866,21051,6,2016,"I",,"Y","F","C","2016_06_WI0280600_NIBRS",6926239,0
2016,7282650,21051,7,2016,"I",,"Y","F","C","2016_07_WI0280600_NIBRS",2346260,0
2016,7305434,21051,8,2016,"I",,"Y","F","C","2016_08_WI0280600_NIBRS",6926579,0
2016,7328218,21051,9,2016,"I",,"Y","F","C","2016_09_WI0280600_NIBRS",3734957,0
2016,7351002,21051,10,2016,"I",,"Y","F","C","2016_10_WI0280600_NIBRS",6926276,0
2016,7373786,21051,11,2016,"I",,"Y","F","C","2016_11_WI0280600_NIBRS",9876850,0
2016,7396570,21051,12,2016,"I",,"Y","F","C","2016_12_WI0280600_NIBRS",8586094,0
2016,7305608,21225,8,2016,"U",,"N","F","C","2016_08_WI0570400_NIBRS",,0
2016,7328392,21225,9,2016,"U",,"N","F","C","2016_09_WI0570400_NIBRS",,0
2016,7351176,21225,10,2016,"U",,"N","F","C","2016_10_WI0570400_NIBRS",,0
2016,7373960,21225,11,2016,"U",,"N","F","C","2016_11_WI0570400_NIBRS",,0
2016,7396744,21225,12,2016,"U",,"N","F","C","2016_12_WI0570400_NIBRS",,0
2016,7214221,20974,4,2016,"U",,"N","F","C","2016_04_WI0137200_NIBRS",,0
2016,7237005,20974,5,2016,"U",,"N","F","C","2016_05_WI0137200_NIBRS",,0
2016,7259789,20974,6,2016,"U",,"N","F","C","2016_06_WI0137200_NIBRS",,0
2016,7282573,20974,7,2016,"U",,"N","F","C","2016_07_WI0137200_NIBRS",,0
2016,7305357,20974,8,2016,"U",,"N","F","C","2016_08_WI0137200_NIBRS",,0
2016,7328141,20974,9,2016,"U",,"N","F","C","2016_09_WI0137200_NIBRS",,0
2016,7350925,20974,10,2016,"U",,"N","F","C","2016_10_WI0137200_NIBRS",,0
2016,7373709,20974,11,2016,"U",,"N","F","C","2016_11_WI0137200_NIBRS",,0
2016,7396493,20974,12,2016,"U",,"N","F","C","2016_12_WI0137200_NIBRS",,0
2016,7168829,21150,2,2016,"I",,"N","F","C","2016_02_WI0440300_NIBRS",,0
2016,7191613,21150,3,2016,"I",,"N","F","C","2016_03_WI0440300_NIBRS",,0
2016,7214397,21150,4,2016,"I",,"N","F","C","2016_04_WI0440300_NIBRS",,0
2016,7237181,21150,5,2016,"I",,"N","F","C","2016_05_WI0440300_NIBRS",,0
2016,7259965,21150,6,2016,"I",,"N","F","C","2016_06_WI0440300_NIBRS",,0
2016,7282749,21150,7,2016,"I",,"N","F","C","2016_07_WI0440300_NIBRS",,0
2016,7305533,21150,8,2016,"I",,"N","F","C","2016_08_WI0440300_NIBRS",,0
2016,7328317,21150,9,2016,"I",,"N","F","C","2016_09_WI0440300_NIBRS",,0
2016,7351101,21150,10,2016,"I",,"N","F","C","2016_10_WI0440300_NIBRS",,0
2016,7373885,21150,11,2016,"I",,"N","F","C","2016_11_WI0440300_NIBRS",1343558,0
2016,7396669,21150,12,2016,"Z",,"N","F","C","2016_12_WI0440300_NIBRS",4890057,0
2016,7259931,21116,6,2016,"U",,"N","F","C","2016_06_WI0400100_NIBRS",,0
2016,7282715,21116,7,2016,"U",,"N","F","C","2016_07_WI0400100_NIBRS",,0
2016,7305499,21116,8,2016,"U",,"N","F","C","2016_08_WI0400100_NIBRS",,0
2016,7328283,21116,9,2016,"U",,"N","F","C","2016_09_WI0400100_NIBRS",,0
2016,7351067,21116,10,2016,"U",,"N","F","C","2016_10_WI0400100_NIBRS",,0
2016,7373851,21116,11,2016,"U",,"N","F","C","2016_11_WI0400100_NIBRS",,0
2016,7396635,21116,12,2016,"U",,"N","F","C","2016_12_WI0400100_NIBRS",,0
2016,7214267,21020,4,2016,"I",,"Y","F","C","2016_04_WI0220300_NIBRS",1315665,0
2016,7237051,21020,5,2016,"I",,"Y","F","C","2016_05_WI0220300_NIBRS",9872111,0
2016,7259835,21020,6,2016,"I",,"Y","F","C","2016_06_WI0220300_NIBRS",6571643,0
2016,7282619,21020,7,2016,"I",,"Y","F","C","2016_07_WI0220300_NIBRS",3725337,0
2016,7305403,21020,8,2016,"I",,"N","F","C","2016_08_WI0220300_NIBRS",,0
2016,7328187,21020,9,2016,"I",,"Y","F","C","2016_09_WI0220300_NIBRS",6571211,0
2016,7350971,21020,10,2016,"I",,"Y","F","C","2016_10_WI0220300_NIBRS",6571533,0
2016,7373755,21020,11,2016,"I",,"Y","F","C","2016_11_WI0220300_NIBRS",1315924,0
2016,7396539,21020,12,2016,"I",,"Y","F","C","2016_12_WI0220300_NIBRS",1315972,0
2016,7305655,21272,8,2016,"U",,"N","F","C","2016_08_WI0651600_NIBRS",,0
2016,7328439,21272,9,2016,"U",,"N","F","C","2016_09_WI0651600_NIBRS",,0
2016,7351223,21272,10,2016,"U",,"N","F","C","2016_10_WI0651600_NIBRS",,0
2016,7374007,21272,11,2016,"U",,"N","F","C","2016_11_WI0651600_NIBRS",,0
2016,7396791,21272,12,2016,"U",,"N","F","C","2016_12_WI0651600_NIBRS",,0
2016,7396719,21200,12,2016,"U",,"N","F","C","2016_12_WI0520700_NIBRS",18012242,0
2016,7191624,21161,3,2016,"I",,"Y","F","C","2016_03_WI0450900_NIBRS",6627158,0
2016,7214408,21161,4,2016,"I",,"Y","F","C","2016_04_WI0450900_NIBRS",6953568,0
2016,7237192,21161,5,2016,"I",,"Y","F","C","2016_05_WI0450900_NIBRS",15766546,0
2016,7259976,21161,6,2016,"I",,"Y","F","C","2016_06_WI0450900_NIBRS",9914769,0
2016,7282760,21161,7,2016,"I",,"Y","F","C","2016_07_WI0450900_NIBRS",6953975,0
2016,7305544,21161,8,2016,"I",,"Y","F","C","2016_08_WI0450900_NIBRS",15765647,0
2016,7328328,21161,9,2016,"I",,"Y","F","C","2016_09_WI0450900_NIBRS",8597355,0
2016,7305324,20941,8,2016,"I",,"Y","F","C","2016_08_WI0100000_NIBRS",1245513,0
2016,7328108,20941,9,2016,"I",,"Y","F","C","2016_09_WI0100000_NIBRS",1245649,0
2016,7350892,20941,10,2016,"I",,"Y","F","C","2016_10_WI0100000_NIBRS",1245711,0
2016,7373676,20941,11,2016,"I",,"Y","F","C","2016_11_WI0100000_NIBRS",15690601,0
2016,7396460,20941,12,2016,"I",,"Y","F","C","2016_12_WI0100000_NIBRS",7689647,0
2016,7214413,21166,4,2016,"U",,"N","F","C","2016_04_WI0460100_NIBRS",,0
2016,7237197,21166,5,2016,"U",,"N","F","C","2016_05_WI0460100_NIBRS",,0
2016,7259981,21166,6,2016,"U",,"N","F","C","2016_06_WI0460100_NIBRS",,0
2016,7282765,21166,7,2016,"U",,"N","F","C","2016_07_WI0460100_NIBRS",,0
2016,7305549,21166,8,2016,"U",,"N","F","C","2016_08_WI0460100_NIBRS",,0
2016,7328333,21166,9,2016,"U",,"N","F","C","2016_09_WI0460100_NIBRS",,0
2016,7351117,21166,10,2016,"U",,"N","F","C","2016_10_WI0460100_NIBRS",,0
2016,7374051,21316,11,2016,"U",,"N","F","C","2016_11_WI0710200_NIBRS",,0
2016,7396835,21316,12,2016,"U",,"N","F","C","2016_12_WI0710200_NIBRS",,0
2016,7328185,21018,9,2016,"I",,"Y","F","C","2016_09_WI0220000_NIBRS",1223327,0
2016,7350969,21018,10,2016,"I",,"Y","F","C","2016_10_WI0220000_NIBRS",19289769,0
2016,7373753,21018,11,2016,"I",,"Y","F","C","2016_11_WI0220000_NIBRS",19289789,0
2016,7396537,21018,12,2016,"I",,"Y","F","C","2016_12_WI0220000_NIBRS",19289734,0
2016,7260002,21187,6,2016,"I",,"Y","F","C","2016_06_WI0500100_NIBRS",3763301,0
2016,7282786,21187,7,2016,"I",,"Y","F","C","2016_07_WI0500100_NIBRS",6636976,0
2016,7305570,21187,8,2016,"I",,"Y","F","C","2016_08_WI0500100_NIBRS",6636833,0
2016,7328354,21187,9,2016,"I",,"Y","F","C","2016_09_WI0500100_NIBRS",15768039,0
2016,7351138,21187,10,2016,"I",,"Y","F","C","2016_10_WI0500100_NIBRS",15767962,0
2016,7373922,21187,11,2016,"I",,"Y","F","C","2016_11_WI0500100_NIBRS",6953817,0
2016,7396706,21187,12,2016,"I",,"Y","F","C","2016_12_WI0500100_NIBRS",6636910,0
2016,7282795,21196,7,2016,"U",,"N","F","C","2016_07_WI0520300_NIBRS",,0
2016,7305579,21196,8,2016,"U",,"N","F","C","2016_08_WI0520300_NIBRS",,0
2016,7328363,21196,9,2016,"U",,"N","F","C","2016_09_WI0520300_NIBRS",,0
2016,7351147,21196,10,2016,"U",,"N","F","C","2016_10_WI0520300_NIBRS",,0
2016,7373931,21196,11,2016,"U",,"N","F","C","2016_11_WI0520300_NIBRS",,0
2016,7396715,21196,12,2016,"U",,"N","F","C","2016_12_WI0520300_NIBRS",17197202,0
2016,7214506,21259,4,2016,"U",,"N","F","C","2016_04_WI0650000_NIBRS",,0
2016,7237290,21259,5,2016,"U",,"N","F","C","2016_05_WI0650000_NIBRS",,0
2016,7260074,21259,6,2016,"U",,"N","F","C","2016_06_WI0650000_NIBRS",,0
2016,7282858,21259,7,2016,"U",,"N","F","C","2016_07_WI0650000_NIBRS",,0
2016,7305642,21259,8,2016,"U",,"N","F","C","2016_08_WI0650000_NIBRS",,0
2016,7328426,21259,9,2016,"U",,"N","F","C","2016_09_WI0650000_NIBRS",,0
2016,7351210,21259,10,2016,"U",,"N","F","C","2016_10_WI0650000_NIBRS",,0
2016,7214315,21068,4,2016,"I",,"Y","F","C","2016_04_WI0320000_NIBRS",6591398,0
2016,7237099,21068,5,2016,"I",,"Y","F","C","2016_05_WI0320000_NIBRS",8587673,0
2016,7259883,21068,6,2016,"I",,"Y","F","C","2016_06_WI0320000_NIBRS",8587713,0
2016,7282667,21068,7,2016,"I",,"Y","F","C","2016_07_WI0320000_NIBRS",8588172,0
2016,7305451,21068,8,2016,"I",,"Y","F","C","2016_08_WI0320000_NIBRS",6592336,0
2016,7328235,21068,9,2016,"I",,"Y","F","C","2016_09_WI0320000_NIBRS",6591753,0
2016,7351019,21068,10,2016,"I",,"Y","F","C","2016_10_WI0320000_NIBRS",15734714,0
2016,7373803,21068,11,2016,"I",,"Y","F","C","2016_11_WI0320000_NIBRS",6591482,0
2016,7396587,21068,12,2016,"I",,"Y","F","C","2016_12_WI0320000_NIBRS",9892086,0
2016,7168670,20991,2,2016,"I",,"Y","F","C","2016_02_WI0150000_NIBRS",4895815,0
2016,7191454,20991,3,2016,"I",,"Y","F","C","2016_03_WI0150000_NIBRS",1315033,0
2016,7214238,20991,4,2016,"I",,"N","F","C","2016_04_WI0150000_NIBRS",6570541,0
2016,7237022,20991,5,2016,"I",,"Y","F","C","2016_05_WI0150000_NIBRS",4895889,0
2016,7259806,20991,6,2016,"I",,"N","F","C","2016_06_WI0150000_NIBRS",6569853,0
2016,7282590,20991,7,2016,"I",,"Y","F","C","2016_07_WI0150000_NIBRS",6569987,0
2016,7305374,20991,8,2016,"I",,"Y","F","C","2016_08_WI0150000_NIBRS",4896042,0
2016,7396439,20920,12,2016,"U",,"N","F","C","2016_12_WI0050400_NIBRS",,0
2016,7260134,21319,6,2016,"U",,"N","F","C","2016_06_WI0710500_NIBRS",,0
2016,7282918,21319,7,2016,"U",,"N","F","C","2016_07_WI0710500_NIBRS",,0
2016,7305702,21319,8,2016,"U",,"N","F","C","2016_08_WI0710500_NIBRS",,0
2016,7328486,21319,9,2016,"U",,"N","F","C","2016_09_WI0710500_NIBRS",,0
2016,7351270,21319,10,2016,"U",,"N","F","C","2016_10_WI0710500_NIBRS",,0
2016,7374054,21319,11,2016,"U",,"N","F","C","2016_11_WI0710500_NIBRS",,0
2016,7396838,21319,12,2016,"U",,"N","F","C","2016_12_WI0710500_NIBRS",,0
2016,7282730,21131,7,2016,"U",,"N","F","C","2016_07_WI0411400_NIBRS",,0
2016,7305514,21131,8,2016,"U",,"N","F","C","2016_08_WI0411400_NIBRS",17180255,0
2016,7328298,21131,9,2016,"U",,"N","F","C","2016_09_WI0411400_NIBRS",,0
2016,7351082,21131,10,2016,"U",,"N","F","C","2016_10_WI0411400_NIBRS",,0
2016,7373866,21131,11,2016,"U",,"N","F","C","2016_11_WI0411400_NIBRS",17180454,0
2016,7396650,21131,12,2016,"U",,"N","F","C","2016_12_WI0411400_NIBRS",17180112,0
2016,7214203,20956,4,2016,"U",,"N","F","C","2016_04_WI0130200_NIBRS",,0
2016,7236987,20956,5,2016,"U",,"N","F","C","2016_05_WI0130200_NIBRS",,0
2016,7259771,20956,6,2016,"U",,"N","F","C","2016_06_WI0130200_NIBRS",,0
2016,7282555,20956,7,2016,"U",,"N","F","C","2016_07_WI0130200_NIBRS",,0
2016,7305339,20956,8,2016,"U",,"N","F","C","2016_08_WI0130200_NIBRS",,0
2016,7328123,20956,9,2016,"U",,"N","F","C","2016_09_WI0130200_NIBRS",,0
2016,7350907,20956,10,2016,"U",,"N","F","C","2016_10_WI0130200_NIBRS",,0
2016,7373691,20956,11,2016,"U",,"N","F","C","2016_11_WI0130200_NIBRS",,0
2016,7396475,20956,12,2016,"U",,"N","F","C","2016_12_WI0130200_NIBRS",,0
2016,7237342,21311,5,2016,"I",,"N","F","C","2016_05_WI0700000_NIBRS",2385276,0
2016,7260126,21311,6,2016,"I",,"Y","F","C","2016_06_WI0700000_NIBRS",1392024,0
2016,7282910,21311,7,2016,"I",,"Y","F","C","2016_07_WI0700000_NIBRS",1392105,0
2016,7305694,21311,8,2016,"I",,"Y","F","C","2016_08_WI0700000_NIBRS",15789016,0
2016,7328478,21311,9,2016,"I",,"Y","F","C","2016_09_WI0700000_NIBRS",15789052,0
2016,7351262,21311,10,2016,"I",,"Y","F","C","2016_10_WI0700000_NIBRS",6648988,0
2016,7374046,21311,11,2016,"I",,"Y","F","C","2016_11_WI0700000_NIBRS",6649177,0
2016,7259935,21120,6,2016,"U",,"N","F","C","2016_06_WI0410300_NIBRS",,0
2016,7282719,21120,7,2016,"U",,"N","F","C","2016_07_WI0410300_NIBRS",,0
2016,7305503,21120,8,2016,"U",,"N","F","C","2016_08_WI0410300_NIBRS",,0
2016,7328287,21120,9,2016,"U",,"N","F","C","2016_09_WI0410300_NIBRS",,0
2016,7351071,21120,10,2016,"U",,"N","F","C","2016_10_WI0410300_NIBRS",,0
2016,7373855,21120,11,2016,"U",,"N","F","C","2016_11_WI0410300_NIBRS",,0
2016,7396639,21120,12,2016,"U",,"N","F","C","2016_12_WI0410300_NIBRS",,0
2016,7214570,21323,4,2016,"U",,"N","F","C","2016_04_WI0720100_NIBRS",,0
2016,7237354,21323,5,2016,"U",,"N","F","C","2016_05_WI0720100_NIBRS",,0
2016,7260138,21323,6,2016,"U",,"N","F","C","2016_06_WI0720100_NIBRS",,0
2016,7282922,21323,7,2016,"U",,"N","F","C","2016_07_WI0720100_NIBRS",,0
2016,7305706,21323,8,2016,"U",,"N","F","C","2016_08_WI0720100_NIBRS",,0
2016,7328490,21323,9,2016,"U",,"N","F","C","2016_09_WI0720100_NIBRS",,0
2016,7351274,21323,10,2016,"U",,"N","F","C","2016_10_WI0720100_NIBRS",,0
2016,7374058,21323,11,2016,"U",,"N","F","C","2016_11_WI0720100_NIBRS",,0
2016,7214300,21053,4,2016,"I",,"Y","F","C","2016_04_WI0290000_NIBRS",1318487,0
2016,7237084,21053,5,2016,"I",,"Y","F","C","2016_05_WI0290000_NIBRS",1318627,0
2016,7259868,21053,6,2016,"I",,"Y","F","C","2016_06_WI0290000_NIBRS",4891681,0
2016,7282652,21053,7,2016,"I",,"Y","F","C","2016_07_WI0290000_NIBRS",4891850,0
2016,7305436,21053,8,2016,"I",,"Y","F","C","2016_08_WI0290000_NIBRS",17168221,0
2016,7328220,21053,9,2016,"I",,"Y","F","C","2016_09_WI0290000_NIBRS",6588213,0
2016,7351004,21053,10,2016,"I",,"Y","F","C","2016_10_WI0290000_NIBRS",6588588,0
2016,7305539,21156,8,2016,"I",,"Y","F","C","2016_08_WI0450400_NIBRS",3759017,0
2016,7328323,21156,9,2016,"I",,"Y","F","C","2016_09_WI0450400_NIBRS",6626656,0
2016,7351107,21156,10,2016,"I",,"Y","F","C","2016_10_WI0450400_NIBRS",9839544,0
2016,7373891,21156,11,2016,"I",,"Y","F","C","2016_11_WI0450400_NIBRS",2367784,0
2016,7396675,21156,12,2016,"I",,"Y","F","C","2016_12_WI0450400_NIBRS",6626426,0
2016,7191638,21175,3,2016,"U",,"N","F","C","2016_03_WI0480000_NIBRS",,0
2016,7214422,21175,4,2016,"U",,"N","F","C","2016_04_WI0480000_NIBRS",,0
2016,7237206,21175,5,2016,"U",,"N","F","C","2016_05_WI0480000_NIBRS",,0
2016,7259990,21175,6,2016,"U",,"N","F","C","2016_06_WI0480000_NIBRS",,0
2016,7282774,21175,7,2016,"U",,"N","F","C","2016_07_WI0480000_NIBRS",,0
2016,7305558,21175,8,2016,"U",,"N","F","C","2016_08_WI0480000_NIBRS",,0
2016,7328342,21175,9,2016,"U",,"N","F","C","2016_09_WI0480000_NIBRS",,0
2016,7351126,21175,10,2016,"U",,"N","F","C","2016_10_WI0480000_NIBRS",,0
2016,7373910,21175,11,2016,"U",,"N","F","C","2016_11_WI0480000_NIBRS",,0
2016,7396694,21175,12,2016,"U",,"N","F","C","2016_12_WI0480000_NIBRS",,0
2016,7214273,21026,4,2016,"U",,"N","F","C","2016_04_WI0230000_NIBRS",,0
2016,7237057,21026,5,2016,"U",,"N","F","C","2016_05_WI0230000_NIBRS",,0
2016,7259841,21026,6,2016,"U",,"N","F","C","2016_06_WI0230000_NIBRS",,0
2016,7282625,21026,7,2016,"U",,"N","F","C","2016_07_WI0230000_NIBRS",,0
2016,7305409,21026,8,2016,"U",,"N","F","C","2016_08_WI0230000_NIBRS",,0
2016,7328193,21026,9,2016,"U",,"N","F","C","2016_09_WI0230000_NIBRS",,0
2016,7350977,21026,10,2016,"U",,"N","F","C","2016_10_WI0230000_NIBRS",,0
2016,7373761,21026,11,2016,"U",,"N","F","C","2016_11_WI0230000_NIBRS",,0
2016,7396545,21026,12,2016,"U",,"N","F","C","2016_12_WI0230000_NIBRS",,0
2016,7351200,21249,10,2016,"U",,"N","F","C","2016_10_WI0630000_NIBRS",,0
2016,7373984,21249,11,2016,"U",,"N","F","C","2016_11_WI0630000_NIBRS",,0
2016,7396768,21249,12,2016,"U",,"N","F","C","2016_12_WI0630000_NIBRS",,0
2016,7305530,21147,8,2016,"I",,"Y","F","C","2016_08_WI0440000_NIBRS",3744910,0
2016,7328314,21147,9,2016,"I",,"Y","F","C","2016_09_WI0440000_NIBRS",6613870,0
2016,7351098,21147,10,2016,"I",,"Y","F","C","2016_10_WI0440000_NIBRS",3745000,0
2016,7373882,21147,11,2016,"I",,"Y","F","C","2016_11_WI0440000_NIBRS",15751061,0
2016,7396666,21147,12,2016,"I",,"Y","F","C","2016_12_WI0440000_NIBRS",4899293,0
2016,7168935,21256,2,2016,"I",,"Y","F","C","2016_02_WI0640000_NIBRS",9925430,0
2016,7191719,21256,3,2016,"I",,"Y","F","C","2016_03_WI0640000_NIBRS",9925487,0
2016,7214503,21256,4,2016,"I",,"Y","F","C","2016_04_WI0640000_NIBRS",9925516,0
2016,7237287,21256,5,2016,"I",,"Y","F","C","2016_05_WI0640000_NIBRS",9925551,0
2016,7260071,21256,6,2016,"I",,"Y","F","C","2016_06_WI0640000_NIBRS",9925598,0
2016,7282855,21256,7,2016,"I",,"Y","F","C","2016_07_WI0640000_NIBRS",9925716,0
2016,7305639,21256,8,2016,"I",,"Y","F","C","2016_08_WI0640000_NIBRS",9925772,0
2016,7328423,21256,9,2016,"I",,"Y","F","C","2016_09_WI0640000_NIBRS",9925820,0
2016,7237101,21070,5,2016,"I",,"Y","F","C","2016_05_WI0320200_NIBRS",15735127,0
2016,7259885,21070,6,2016,"I",,"Y","F","C","2016_06_WI0320200_NIBRS",15735221,0
2016,7282669,21070,7,2016,"I",,"Y","F","C","2016_07_WI0320200_NIBRS",15735330,0
2016,7305453,21070,8,2016,"I",,"Y","F","C","2016_08_WI0320200_NIBRS",15735430,0
2016,7328237,21070,9,2016,"I",,"Y","F","C","2016_09_WI0320200_NIBRS",8551678,0
2016,7351021,21070,10,2016,"I",,"Y","F","C","2016_10_WI0320200_NIBRS",8551722,0
2016,7373805,21070,11,2016,"I",,"Y","F","C","2016_11_WI0320200_NIBRS",15735505,0
2016,7396589,21070,12,2016,"I",,"Y","F","C","2016_12_WI0320200_NIBRS",15735637,0
2016,7214246,20999,4,2016,"U",,"N","F","C","2016_04_WI0170100_NIBRS",,0
2016,7237030,20999,5,2016,"U",,"N","F","C","2016_05_WI0170100_NIBRS",17974871,0
2016,7259814,20999,6,2016,"U",,"N","F","C","2016_06_WI0170100_NIBRS",,0
2016,7282598,20999,7,2016,"U",,"N","F","C","2016_07_WI0170100_NIBRS",17974915,0
2016,7305382,20999,8,2016,"U",,"N","F","C","2016_08_WI0170100_NIBRS",17975029,0
2016,7328166,20999,9,2016,"U",,"N","F","C","2016_09_WI0170100_NIBRS",17975076,0
2016,7350950,20999,10,2016,"U",,"N","F","C","2016_10_WI0170100_NIBRS",17975112,0
2016,7373734,20999,11,2016,"U",,"N","F","C","2016_11_WI0170100_NIBRS",17975148,0
2016,7396518,20999,12,2016,"U",,"N","F","C","2016_12_WI0170100_NIBRS",17975211,0
2016,7282501,20902,7,2016,"U",,"N","F","C","2016_07_WI0010000_NIBRS",,0
2016,7305285,20902,8,2016,"U",,"N","F","C","2016_08_WI0010000_NIBRS",,0
2016,7328069,20902,9,2016,"U",,"N","F","C","2016_09_WI0010000_NIBRS",,0
2016,7350853,20902,10,2016,"U",,"N","F","C","2016_10_WI0010000_NIBRS",,0
2016,7373637,20902,11,2016,"U",,"N","F","C","2016_11_WI0010000_NIBRS",,0
2016,7396421,20902,12,2016,"U",,"N","F","C","2016_12_WI0010000_NIBRS",,0
2016,7191566,21103,3,2016,"U",,"N","F","C","2016_03_WI0371300_NIBRS",,0
2016,7214350,21103,4,2016,"U",,"N","F","C","2016_04_WI0371300_NIBRS",,0
2016,7237134,21103,5,2016,"U",,"N","F","C","2016_05_WI0371300_NIBRS",,0
2016,7259918,21103,6,2016,"U",,"N","F","C","2016_06_WI0371300_NIBRS",,0
2016,7282702,21103,7,2016,"U",,"N","F","C","2016_07_WI0371300_NIBRS",,0
2016,7305486,21103,8,2016,"U",,"N","F","C","2016_08_WI0371300_NIBRS",,0
2016,7328270,21103,9,2016,"U",,"N","F","C","2016_09_WI0371300_NIBRS",,0
2016,7351054,21103,10,2016,"U",,"N","F","C","2016_10_WI0371300_NIBRS",,0
2016,7373838,21103,11,2016,"U",,"N","F","C","2016_11_WI0371300_NIBRS",,0
2016,7237356,21325,5,2016,"U",,"N","F","C","2016_05_WI0720300_NIBRS",,0
2016,7260140,21325,6,2016,"U",,"N","F","C","2016_06_WI0720300_NIBRS",,0
2016,7282924,21325,7,2016,"U",,"N","F","C","2016_07_WI0720300_NIBRS",,0
2016,7305708,21325,8,2016,"U",,"N","F","C","2016_08_WI0720300_NIBRS",,0
2016,7328492,21325,9,2016,"U",,"N","F","C","2016_09_WI0720300_NIBRS",,0
2016,7351276,21325,10,2016,"U",,"N","F","C","2016_10_WI0720300_NIBRS",,0
2016,7374060,21325,11,2016,"U",,"N","F","C","2016_11_WI0720300_NIBRS",,0
2016,7396844,21325,12,2016,"U",,"N","F","C","2016_12_WI0720300_NIBRS",,0
2016,7191386,20923,3,2016,"I",,"Y","F","C","2016_03_WI0050800_NIBRS",3659388,0
2016,7214170,20923,4,2016,"I",,"Y","F","C","2016_04_WI0050800_NIBRS",3659466,0
2016,7236954,20923,5,2016,"I",,"Y","F","C","2016_05_WI0050800_NIBRS",7683106,0
2016,7259738,20923,6,2016,"I",,"Y","F","C","2016_06_WI0050800_NIBRS",3659648,0
2016,7282522,20923,7,2016,"I",,"Y","F","C","2016_07_WI0050800_NIBRS",3659759,0
2016,7305306,20923,8,2016,"I",,"Y","F","C","2016_08_WI0050800_NIBRS",17139618,0
2016,7328090,20923,9,2016,"I",,"Y","F","C","2016_09_WI0050800_NIBRS",3660049,0
2016,7350874,20923,10,2016,"I",,"Y","F","C","2016_10_WI0050800_NIBRS",15682268,0
2016,7373658,20923,11,2016,"I",,"Y","F","C","2016_11_WI0050800_NIBRS",15681220,0
2016,7396442,20923,12,2016,"I",,"Y","F","C","2016_12_WI0050800_NIBRS",6513823,0
2016,7237323,21292,5,2016,"I",,"Y","F","C","2016_05_WI0680800_NIBRS",4985134,0
2016,7260107,21292,6,2016,"I",,"Y","F","C","2016_06_WI0680800_NIBRS",15787665,0
2016,7282891,21292,7,2016,"I",,"Y","F","C","2016_07_WI0680800_NIBRS",15787147,0
2016,7305675,21292,8,2016,"I",,"Y","F","C","2016_08_WI0680800_NIBRS",15787340,0
2016,7328459,21292,9,2016,"I",,"Y","F","C","2016_09_WI0680800_NIBRS",15787193,0
2016,7351243,21292,10,2016,"I",,"Y","F","C","2016_10_WI0680800_NIBRS",4985363,0
2016,7374027,21292,11,2016,"I",,"Y","F","C","2016_11_WI0680800_NIBRS",15787222,0
2016,7396811,21292,12,2016,"I",,"Y","F","C","2016_12_WI0680800_NIBRS",15787515,0
2016,7214348,21101,4,2016,"U",,"N","F","C","2016_04_WI0370900_NIBRS",,0
2016,7237132,21101,5,2016,"U",,"N","F","C","2016_05_WI0370900_NIBRS",,0
2016,7259916,21101,6,2016,"U",,"N","F","C","2016_06_WI0370900_NIBRS",,0
2016,7282700,21101,7,2016,"U",,"N","F","C","2016_07_WI0370900_NIBRS",,0
2016,7305484,21101,8,2016,"U",,"N","F","C","2016_08_WI0370900_NIBRS",,0
2016,7328268,21101,9,2016,"U",,"N","F","C","2016_09_WI0370900_NIBRS",,0
2016,7351052,21101,10,2016,"U",,"N","F","C","2016_10_WI0370900_NIBRS",,0
2016,7305537,21154,8,2016,"I",,"Y","F","C","2016_08_WI0450200_NIBRS",15755023,0
2016,7328321,21154,9,2016,"I",,"Y","F","C","2016_09_WI0450200_NIBRS",15755083,0
2016,7351105,21154,10,2016,"I",,"Y","F","C","2016_10_WI0450200_NIBRS",15755125,0
2016,7373889,21154,11,2016,"I",,"Y","F","C","2016_11_WI0450200_NIBRS",15755156,0
2016,7396673,21154,12,2016,"I",,"Y","F","C","2016_12_WI0450200_NIBRS",15754756,0
2016,7237114,21083,5,2016,"I",,"Y","F","C","2016_05_WI0350000_NIBRS",18024839,0
2016,7259898,21083,6,2016,"I",,"Y","F","C","2016_06_WI0350000_NIBRS",15737092,0
2016,7282682,21083,7,2016,"I",,"Y","F","C","2016_07_WI0350000_NIBRS",15737162,0
2016,7305466,21083,8,2016,"I",,"Y","F","C","2016_08_WI0350000_NIBRS",15737270,0
2016,7328250,21083,9,2016,"I",,"Y","F","C","2016_09_WI0350000_NIBRS",15737318,0
2016,7351034,21083,10,2016,"I",,"Y","F","C","2016_10_WI0350000_NIBRS",15737405,0
2016,7373818,21083,11,2016,"I",,"Y","F","C","2016_11_WI0350000_NIBRS",6594088,0
2016,7396602,21083,12,2016,"I",,"Y","F","C","2016_12_WI0350000_NIBRS",9893861,0
2016,7260053,21238,6,2016,"U",,"N","F","C","2016_06_WI0610000_NIBRS",,0
2016,7282837,21238,7,2016,"U",,"N","F","C","2016_07_WI0610000_NIBRS",,0
2016,7305621,21238,8,2016,"U",,"N","F","C","2016_08_WI0610000_NIBRS",,0
2016,7328405,21238,9,2016,"U",,"N","F","C","2016_09_WI0610000_NIBRS",,0
2016,7351189,21238,10,2016,"U",,"N","F","C","2016_10_WI0610000_NIBRS",,0
2016,7373973,21238,11,2016,"U",,"N","F","C","2016_11_WI0610000_NIBRS",,0
2016,7396757,21238,12,2016,"U",,"N","F","C","2016_12_WI0610000_NIBRS",,0
2016,7373911,21176,11,2016,"I",,"Y","F","C","2016_11_WI0480100_NIBRS",6627992,0
2016,7396695,21176,12,2016,"I",,"Y","F","C","2016_12_WI0480100_NIBRS",6953621,0
2016,7305365,20982,8,2016,"U",,"N","F","C","2016_08_WI0140100_NIBRS",,0
2016,7328149,20982,9,2016,"U",,"N","F","C","2016_09_WI0140100_NIBRS",,0
2016,7350933,20982,10,2016,"U",,"N","F","C","2016_10_WI0140100_NIBRS",,0
2016,7373717,20982,11,2016,"U",,"N","F","C","2016_11_WI0140100_NIBRS",,0
2016,7396501,20982,12,2016,"U",,"N","F","C","2016_12_WI0140100_NIBRS",,0
2016,7191703,21240,3,2016,"U",,"N","F","C","2016_03_WI0620000_NIBRS",,0
2016,7214487,21240,4,2016,"U",,"N","F","C","2016_04_WI0620000_NIBRS",,0
2016,7237271,21240,5,2016,"U",,"N","F","C","2016_05_WI0620000_NIBRS",,0
2016,7260055,21240,6,2016,"U",,"N","F","C","2016_06_WI0620000_NIBRS",,0
2016,7282839,21240,7,2016,"U",,"N","F","C","2016_07_WI0620000_NIBRS",,0
2016,7305623,21240,8,2016,"U",,"N","F","C","2016_08_WI0620000_NIBRS",,0
2016,7328407,21240,9,2016,"U",,"N","F","C","2016_09_WI0620000_NIBRS",,0
2016,7214562,21315,4,2016,"U",,"N","F","C","2016_04_WI0710100_NIBRS",,0
2016,7237346,21315,5,2016,"U",,"N","F","C","2016_05_WI0710100_NIBRS",,0
2016,7260130,21315,6,2016,"U",,"N","F","C","2016_06_WI0710100_NIBRS",,0
2016,7282914,21315,7,2016,"U",,"N","F","C","2016_07_WI0710100_NIBRS",,0
2016,7305698,21315,8,2016,"U",,"N","F","C","2016_08_WI0710100_NIBRS",,0
2016,7328482,21315,9,2016,"U",,"N","F","C","2016_09_WI0710100_NIBRS",,0
2016,7351266,21315,10,2016,"U",,"N","F","C","2016_10_WI0710100_NIBRS",,0
2016,7374050,21315,11,2016,"U",,"N","F","C","2016_11_WI0710100_NIBRS",,0
2016,7396834,21315,12,2016,"U",,"N","F","C","2016_12_WI0710100_NIBRS",,0
2016,7168722,21043,2,2016,"U",,"N","F","C","2016_02_WI0270000_NIBRS",,0
2016,7191506,21043,3,2016,"U",,"N","F","C","2016_03_WI0270000_NIBRS",,0
2016,7214290,21043,4,2016,"U",,"N","F","C","2016_04_WI0270000_NIBRS",,0
2016,7237074,21043,5,2016,"U",,"N","F","C","2016_05_WI0270000_NIBRS",,0
2016,7259858,21043,6,2016,"U",,"N","F","C","2016_06_WI0270000_NIBRS",,0
2016,7282642,21043,7,2016,"U",,"N","F","C","2016_07_WI0270000_NIBRS",,0
2016,7305426,21043,8,2016,"U",,"N","F","C","2016_08_WI0270000_NIBRS",,0
2016,7328210,21043,9,2016,"U",,"N","F","C","2016_09_WI0270000_NIBRS",,0
2016,7214226,20979,4,2016,"U",,"N","F","C","2016_04_WI0137700_NIBRS",,0
2016,7237010,20979,5,2016,"U",,"N","F","C","2016_05_WI0137700_NIBRS",,0
2016,7259794,20979,6,2016,"U",,"N","F","C","2016_06_WI0137700_NIBRS",,0
2016,7282578,20979,7,2016,"U",,"N","F","C","2016_07_WI0137700_NIBRS",,0
2016,7305362,20979,8,2016,"U",,"N","F","C","2016_08_WI0137700_NIBRS",,0
2016,7328146,20979,9,2016,"U",,"N","F","C","2016_09_WI0137700_NIBRS",,0
2016,7350930,20979,10,2016,"U",,"N","F","C","2016_10_WI0137700_NIBRS",,0
2016,7373714,20979,11,2016,"U",,"N","F","C","2016_11_WI0137700_NIBRS",,0
2016,7328243,21076,9,2016,"U",,"N","F","C","2016_09_WI0330000_NIBRS",,0
2016,7351027,21076,10,2016,"U",,"N","F","C","2016_10_WI0330000_NIBRS",,0
2016,7373811,21076,11,2016,"U",,"N","F","C","2016_11_WI0330000_NIBRS",,0
2016,7396595,21076,12,2016,"U",,"N","F","C","2016_12_WI0330000_NIBRS",,0
2016,7168743,21064,2,2016,"I",,"Y","F","C","2016_02_WI0310000_NIBRS",2345502,0
2016,7191527,21064,3,2016,"I",,"Y","F","C","2016_03_WI0310000_NIBRS",15733806,0
2016,7214311,21064,4,2016,"I",,"Y","F","C","2016_04_WI0310000_NIBRS",6588702,0
2016,7237095,21064,5,2016,"I",,"Y","F","C","2016_05_WI0310000_NIBRS",15733856,0
2016,7259879,21064,6,2016,"I",,"N","F","C","2016_06_WI0310000_NIBRS",6589557,0
2016,7282663,21064,7,2016,"I",,"Y","F","C","2016_07_WI0310000_NIBRS",15733914,0
2016,7305447,21064,8,2016,"I",,"Y","F","C","2016_08_WI0310000_NIBRS",15733979,0
2016,7328231,21064,9,2016,"I",,"Y","F","C","2016_09_WI0310000_NIBRS",15734042,0
2016,7168607,20928,2,2016,"I",,"Y","F","C","2016_02_WI0070000_NIBRS",9847473,0
2016,7191391,20928,3,2016,"I",,"Y","F","C","2016_03_WI0070000_NIBRS",6901560,0
2016,7214175,20928,4,2016,"I",,"Y","F","C","2016_04_WI0070000_NIBRS",1226455,0
2016,7236959,20928,5,2016,"I",,"Y","F","C","2016_05_WI0070000_NIBRS",6901470,0
2016,7259743,20928,6,2016,"I",,"Y","F","C","2016_06_WI0070000_NIBRS",9847573,0
2016,7282527,20928,7,2016,"I",,"Y","F","C","2016_07_WI0070000_NIBRS",15682762,0
2016,7305311,20928,8,2016,"I",,"Y","F","C","2016_08_WI0070000_NIBRS",6900839,0
2016,7328095,20928,9,2016,"I",,"Y","F","C","2016_09_WI0070000_NIBRS",6900883,0
2016,7350879,20928,10,2016,"I",,"Y","F","C","2016_10_WI0070000_NIBRS",15682945,0
2016,7191738,21275,3,2016,"I",,"Y","F","C","2016_03_WI0660000_NIBRS",2381835,0
2016,7214522,21275,4,2016,"I",,"N","F","C","2016_04_WI0660000_NIBRS",4890284,0
2016,7237306,21275,5,2016,"I",,"Y","F","C","2016_05_WI0660000_NIBRS",2381512,0
2016,7260090,21275,6,2016,"I",,"Y","F","C","2016_06_WI0660000_NIBRS",19289759,0
2016,7282874,21275,7,2016,"I",,"N","F","C","2016_07_WI0660000_NIBRS",,0
2016,7305658,21275,8,2016,"I",,"N","F","C","2016_08_WI0660000_NIBRS",,0
2016,7328442,21275,9,2016,"I",,"Y","F","C","2016_09_WI0660000_NIBRS",4890341,0
2016,7259837,21022,6,2016,"I",,"Y","F","C","2016_06_WI0220500_NIBRS",4911317,0
2016,7282621,21022,7,2016,"I",,"Y","F","C","2016_07_WI0220500_NIBRS",15713617,0
2016,7305405,21022,8,2016,"I",,"Y","F","C","2016_08_WI0220500_NIBRS",6572777,0
2016,7328189,21022,9,2016,"I",,"Y","F","C","2016_09_WI0220500_NIBRS",9872510,0
2016,7350973,21022,10,2016,"I",,"Y","F","C","2016_10_WI0220500_NIBRS",8582825,0
2016,7373757,21022,11,2016,"I",,"Y","F","C","2016_11_WI0220500_NIBRS",6925103,0
2016,7396541,21022,12,2016,"I",,"Y","F","C","2016_12_WI0220500_NIBRS",15713698,0
2016,7191586,21123,3,2016,"I",,"Y","F","C","2016_03_WI0410600_NIBRS",15682867,0
2016,7214370,21123,4,2016,"I",,"Y","F","C","2016_04_WI0410600_NIBRS",15682586,0
2016,7237154,21123,5,2016,"I",,"Y","F","C","2016_05_WI0410600_NIBRS",15681226,0
2016,7259938,21123,6,2016,"I",,"Y","F","C","2016_06_WI0410600_NIBRS",15682521,0
2016,7282722,21123,7,2016,"I",,"Y","F","C","2016_07_WI0410600_NIBRS",15681266,0
2016,7305506,21123,8,2016,"I",,"Y","F","C","2016_08_WI0410600_NIBRS",15682929,0
2016,7328290,21123,9,2016,"I",,"Y","F","C","2016_09_WI0410600_NIBRS",15681315,0
2016,7351074,21123,10,2016,"I",,"Y","F","C","2016_10_WI0410600_NIBRS",15681349,0
2016,7373858,21123,11,2016,"I",,"Y","F","C","2016_11_WI0410600_NIBRS",15681398,0
2016,7396642,21123,12,2016,"I",,"Y","F","C","2016_12_WI0410600_NIBRS",15681454,0
2016,7168958,21279,2,2016,"U",,"N","F","C","2016_02_WI0670200_NIBRS",,0
2016,7191742,21279,3,2016,"U",,"N","F","C","2016_03_WI0670200_NIBRS",,0
2016,7214526,21279,4,2016,"U",,"N","F","C","2016_04_WI0670200_NIBRS",,0
2016,7237310,21279,5,2016,"U",,"N","F","C","2016_05_WI0670200_NIBRS",,0
2016,7260094,21279,6,2016,"U",,"N","F","C","2016_06_WI0670200_NIBRS",,0
2016,7282878,21279,7,2016,"U",,"N","F","C","2016_07_WI0670200_NIBRS",,0
2016,7305662,21279,8,2016,"U",,"N","F","C","2016_08_WI0670200_NIBRS",,0
2016,7328446,21279,9,2016,"U",,"N","F","C","2016_09_WI0670200_NIBRS",,0
2016,7351230,21279,10,2016,"U",,"N","F","C","2016_10_WI0670200_NIBRS",,0
2016,7282723,21124,7,2016,"I",,"Y","F","C","2016_07_WI0410700_NIBRS",15681357,0
2016,7305507,21124,8,2016,"I",,"Y","F","C","2016_08_WI0410700_NIBRS",15682548,0
2016,7328291,21124,9,2016,"I",,"Y","F","C","2016_09_WI0410700_NIBRS",15681412,0
2016,7351075,21124,10,2016,"I",,"Y","F","C","2016_10_WI0410700_NIBRS",15681448,0
2016,7373859,21124,11,2016,"I",,"Y","F","C","2016_11_WI0410700_NIBRS",15681552,0
2016,7396643,21124,12,2016,"I",,"Y","F","C","2016_12_WI0410700_NIBRS",15681620,0
2016,7168907,21228,2,2016,"I",,"Y","F","C","2016_02_WI0580000_NIBRS",15784648,0
2016,7191691,21228,3,2016,"I",,"Y","F","C","2016_03_WI0580000_NIBRS",1387412,0
2016,7214475,21228,4,2016,"I",,"Y","F","C","2016_04_WI0580000_NIBRS",1386788,0
2016,7237259,21228,5,2016,"I",,"Y","F","C","2016_05_WI0580000_NIBRS",1386926,0
2016,7260043,21228,6,2016,"I",,"Y","F","C","2016_06_WI0580000_NIBRS",3656980,0
2016,7282827,21228,7,2016,"I",,"Y","F","C","2016_07_WI0580000_NIBRS",15784689,0
2016,7305611,21228,8,2016,"I",,"Y","F","C","2016_08_WI0580000_NIBRS",15784752,0
2016,7328395,21228,9,2016,"I",,"Y","F","C","2016_09_WI0580000_NIBRS",6643646,0
2016,7191422,20959,3,2016,"I",,"N","F","C","2016_03_WI0130500_NIBRS",,0
2016,7214206,20959,4,2016,"I",,"Y","F","C","2016_04_WI0130500_NIBRS",3720514,0
2016,7236990,20959,5,2016,"I",,"Y","F","C","2016_05_WI0130500_NIBRS",6500711,0
2016,7259774,20959,6,2016,"I",,"Y","F","C","2016_06_WI0130500_NIBRS",4895397,0
2016,7282558,20959,7,2016,"I",,"N","F","C","2016_07_WI0130500_NIBRS",6501059,0
2016,7305342,20959,8,2016,"I",,"N","F","C","2016_08_WI0130500_NIBRS",,0
2016,7328126,20959,9,2016,"I",,"Y","F","C","2016_09_WI0130500_NIBRS",1295412,0
2016,7350910,20959,10,2016,"I",,"Y","F","C","2016_10_WI0130500_NIBRS",1295498,0
2016,7373694,20959,11,2016,"I",,"Y","F","C","2016_11_WI0130500_NIBRS",2259746,0
2016,7168798,21119,2,2016,"I",,"Y","F","C","2016_02_WI0410200_NIBRS",17133920,0
2016,7191582,21119,3,2016,"I",,"Y","F","C","2016_03_WI0410200_NIBRS",17133959,0
2016,7214366,21119,4,2016,"I",,"Y","F","C","2016_04_WI0410200_NIBRS",17134064,0
2016,7237150,21119,5,2016,"I",,"Y","F","C","2016_05_WI0410200_NIBRS",17134096,0
2016,7259934,21119,6,2016,"I",,"Y","F","C","2016_06_WI0410200_NIBRS",17134131,0
2016,7282718,21119,7,2016,"I",,"Y","F","C","2016_07_WI0410200_NIBRS",15681352,0
2016,7305502,21119,8,2016,"I",,"Y","F","C","2016_08_WI0410200_NIBRS",17134196,0
2016,7328286,21119,9,2016,"I",,"Y","F","C","2016_09_WI0410200_NIBRS",17134246,0
2016,7351070,21119,10,2016,"I",,"Y","F","C","2016_10_WI0410200_NIBRS",17134285,0
2016,7373854,21119,11,2016,"I",,"Y","F","C","2016_11_WI0410200_NIBRS",17134306,0
2016,7396638,21119,12,2016,"I",,"Y","F","C","2016_12_WI0410200_NIBRS",17134334,0
2016,7214377,21130,4,2016,"U",,"N","F","C","2016_04_WI0411300_NIBRS",,0
2016,7237161,21130,5,2016,"U",,"N","F","C","2016_05_WI0411300_NIBRS",,0
2016,7259945,21130,6,2016,"U",,"N","F","C","2016_06_WI0411300_NIBRS",,0
2016,7282729,21130,7,2016,"U",,"N","F","C","2016_07_WI0411300_NIBRS",,0
2016,7305513,21130,8,2016,"U",,"N","F","C","2016_08_WI0411300_NIBRS",,0
2016,7328297,21130,9,2016,"U",,"N","F","C","2016_09_WI0411300_NIBRS",,0
2016,7351081,21130,10,2016,"U",,"N","F","C","2016_10_WI0411300_NIBRS",,0
2016,7373865,21130,11,2016,"U",,"N","F","C","2016_11_WI0411300_NIBRS",,0
2016,7396649,21130,12,2016,"U",,"N","F","C","2016_12_WI0411300_NIBRS",,0
2016,7282787,21188,7,2016,"I",,"Y","F","C","2016_07_WI0500200_NIBRS",4890135,0
2016,7305571,21188,8,2016,"I",,"Y","F","C","2016_08_WI0500200_NIBRS",6637569,0
2016,7328355,21188,9,2016,"I",,"Y","F","C","2016_09_WI0500200_NIBRS",8602303,0
2016,7351139,21188,10,2016,"I",,"Y","F","C","2016_10_WI0500200_NIBRS",6637639,0
2016,7373923,21188,11,2016,"I",,"Y","F","C","2016_11_WI0500200_NIBRS",4890537,0
2016,7396707,21188,12,2016,"I",,"Y","F","C","2016_12_WI0500200_NIBRS",18023787,0
2016,7236967,20936,5,2016,"I",,"N","F","C","2016_05_WI0090100_NIBRS",3714234,0
2016,7259751,20936,6,2016,"I",,"N","F","C","2016_06_WI0090100_NIBRS",,0
2016,7282535,20936,7,2016,"I",,"N","F","C","2016_07_WI0090100_NIBRS",,0
2016,7305319,20936,8,2016,"I",,"Y","F","C","2016_08_WI0090100_NIBRS",3714263,0
2016,7328103,20936,9,2016,"I",,"Y","F","C","2016_09_WI0090100_NIBRS",6541075,0
2016,7350887,20936,10,2016,"I",,"Y","F","C","2016_10_WI0090100_NIBRS",2255626,0
2016,7373671,20936,11,2016,"I",,"Y","F","C","2016_11_WI0090100_NIBRS",9855473,0
2016,7214382,21135,4,2016,"I",,"N","F","C","2016_04_WI0411800_NIBRS",7719983,0
2016,7237166,21135,5,2016,"I",,"N","F","C","2016_05_WI0411800_NIBRS",,0
2016,7259950,21135,6,2016,"I",,"N","F","C","2016_06_WI0411800_NIBRS",,0
2016,7282734,21135,7,2016,"I",,"N","F","C","2016_07_WI0411800_NIBRS",,0
2016,7305518,21135,8,2016,"I",,"N","F","C","2016_08_WI0411800_NIBRS",,0
2016,7328302,21135,9,2016,"I",,"N","F","C","2016_09_WI0411800_NIBRS",,0
2016,7351086,21135,10,2016,"I",,"Y","F","C","2016_10_WI0411800_NIBRS",3656984,0
2016,7396443,20924,12,2016,"U",,"N","F","C","2016_12_WI0050900_NIBRS",,0
2016,7214464,21217,4,2016,"I",,"N","F","C","2016_04_WI0560100_NIBRS",,0
2016,7237248,21217,5,2016,"I",,"N","F","C","2016_05_WI0560100_NIBRS",15779366,0
2016,7260032,21217,6,2016,"I",,"Y","F","C","2016_06_WI0560100_NIBRS",8608911,0
2016,7282816,21217,7,2016,"I",,"Y","F","C","2016_07_WI0560100_NIBRS",6959462,0
2016,7305600,21217,8,2016,"I",,"Y","F","C","2016_08_WI0560100_NIBRS",9922987,0
2016,7328384,21217,9,2016,"I",,"Y","F","C","2016_09_WI0560100_NIBRS",8608945,0
2016,7351168,21217,10,2016,"I",,"Y","F","C","2016_10_WI0560100_NIBRS",3768377,0
2016,7373952,21217,11,2016,"I",,"Y","F","C","2016_11_WI0560100_NIBRS",6959546,0
2016,7168715,21036,2,2016,"I",,"N","F","C","2016_02_WI0250000_NIBRS",,0
2016,7191499,21036,3,2016,"I",,"Y","F","C","2016_03_WI0250000_NIBRS",6579607,0
2016,7214283,21036,4,2016,"I",,"Y","F","C","2016_04_WI0250000_NIBRS",3734453,0
2016,7237067,21036,5,2016,"I",,"N","F","C","2016_05_WI0250000_NIBRS",,0
2016,7259851,21036,6,2016,"I",,"Y","F","C","2016_06_WI0250000_NIBRS",3734136,0
2016,7282635,21036,7,2016,"I",,"Y","F","C","2016_07_WI0250000_NIBRS",6579683,0
2016,7305419,21036,8,2016,"I",,"Y","F","C","2016_08_WI0250000_NIBRS",2345186,0
2016,7328203,21036,9,2016,"I",,"Y","F","C","2016_09_WI0250000_NIBRS",3734355,0
2016,7350987,21036,10,2016,"I",,"Y","F","C","2016_10_WI0250000_NIBRS",3734405,0
2016,7373771,21036,11,2016,"I",,"Y","F","C","2016_11_WI0250000_NIBRS",3734167,0
2016,7396555,21036,12,2016,"I",,"Y","F","C","2016_12_WI0250000_NIBRS",3734200,0
2016,7328390,21223,9,2016,"U",,"N","F","C","2016_09_WI0570200_NIBRS",,0
2016,7351174,21223,10,2016,"U",,"N","F","C","2016_10_WI0570200_NIBRS",,0
2016,7373958,21223,11,2016,"U",,"N","F","C","2016_11_WI0570200_NIBRS",,0
2016,7396742,21223,12,2016,"U",,"N","F","C","2016_12_WI0570200_NIBRS",,0
2016,7214294,21047,4,2016,"U",,"N","F","C","2016_04_WI0280100_NIBRS",,0
2016,7237078,21047,5,2016,"U",,"N","F","C","2016_05_WI0280100_NIBRS",,0
2016,7259862,21047,6,2016,"U",,"N","F","C","2016_06_WI0280100_NIBRS",,0
2016,7282646,21047,7,2016,"U",,"N","F","C","2016_07_WI0280100_NIBRS",,0
2016,7305430,21047,8,2016,"U",,"N","F","C","2016_08_WI0280100_NIBRS",,0
2016,7328214,21047,9,2016,"U",,"N","F","C","2016_09_WI0280100_NIBRS",,0
2016,7350998,21047,10,2016,"U",,"N","F","C","2016_10_WI0280100_NIBRS",,0
2016,7373782,21047,11,2016,"U",,"N","F","C","2016_11_WI0280100_NIBRS",,0
2016,7328369,21202,9,2016,"U",,"N","F","C","2016_09_WI0530000_NIBRS",,0
2016,7351153,21202,10,2016,"U",,"N","F","C","2016_10_WI0530000_NIBRS",,0
2016,7373937,21202,11,2016,"U",,"N","F","C","2016_11_WI0530000_NIBRS",,0
2016,7396721,21202,12,2016,"U",,"N","F","C","2016_12_WI0530000_NIBRS",,0
2016,7328465,21298,9,2016,"U",,"N","F","C","2016_09_WI0681500_NIBRS",,0
2016,7351249,21298,10,2016,"U",,"N","F","C","2016_10_WI0681500_NIBRS",,0
2016,7374033,21298,11,2016,"U",,"N","F","C","2016_11_WI0681500_NIBRS",,0
2016,7396817,21298,12,2016,"U",,"N","F","C","2016_12_WI0681500_NIBRS",,0
2016,7305523,21140,8,2016,"U",,"N","F","C","2016_08_WI0420200_NIBRS",,0
2016,7328307,21140,9,2016,"U",,"N","F","C","2016_09_WI0420200_NIBRS",,0
2016,7351091,21140,10,2016,"U",,"N","F","C","2016_10_WI0420200_NIBRS",,0
2016,7373875,21140,11,2016,"U",,"N","F","C","2016_11_WI0420200_NIBRS",,0
2016,7396659,21140,12,2016,"U",,"N","F","C","2016_12_WI0420200_NIBRS",,0
2016,7260029,21214,6,2016,"I",,"Y","F","C","2016_06_WI0550000_NIBRS",6958348,0
2016,7282813,21214,7,2016,"I",,"Y","F","C","2016_07_WI0550000_NIBRS",6958380,0
2016,7305597,21214,8,2016,"I",,"Y","F","C","2016_08_WI0550000_NIBRS",9921717,0
2016,7328381,21214,9,2016,"I",,"Y","F","C","2016_09_WI0550000_NIBRS",8608478,0
2016,7351165,21214,10,2016,"I",,"Y","F","C","2016_10_WI0550000_NIBRS",6637921,0
2016,7373949,21214,11,2016,"I",,"Y","F","C","2016_11_WI0550000_NIBRS",15778802,0
2016,7396733,21214,12,2016,"I",,"Y","F","C","2016_12_WI0550000_NIBRS",6637957,0
2016,7396546,21027,12,2016,"U",,"N","F","C","2016_12_WI0230100_NIBRS",,0
2016,7396566,21047,12,2016,"U",,"N","F","C","2016_12_WI0280100_NIBRS",,0
2016,7351112,21161,10,2016,"I",,"Y","F","C","2016_10_WI0450900_NIBRS",15765729,0
2016,7373896,21161,11,2016,"I",,"Y","F","C","2016_11_WI0450900_NIBRS",8597458,0
2016,7396680,21161,12,2016,"I",,"Y","F","C","2016_12_WI0450900_NIBRS",15765812,0
2016,7373901,21166,11,2016,"U",,"N","F","C","2016_11_WI0460100_NIBRS",,0
2016,7396685,21166,12,2016,"U",,"N","F","C","2016_12_WI0460100_NIBRS",,0
2016,7373994,21259,11,2016,"U",,"N","F","C","2016_11_WI0650000_NIBRS",,0
2016,7396778,21259,12,2016,"U",,"N","F","C","2016_12_WI0650000_NIBRS",,0
2016,7328158,20991,9,2016,"I",,"Y","F","C","2016_09_WI0150000_NIBRS",4896079,0
2016,7350942,20991,10,2016,"I",,"Y","F","C","2016_10_WI0150000_NIBRS",6570106,0
2016,7373726,20991,11,2016,"I",,"Y","F","C","2016_11_WI0150000_NIBRS",6570204,0
2016,7396510,20991,12,2016,"I",,"Y","F","C","2016_12_WI0150000_NIBRS",15710046,0
2016,7396830,21311,12,2016,"I",,"Y","F","C","2016_12_WI0700000_NIBRS",6648957,0
2016,7396842,21323,12,2016,"U",,"N","F","C","2016_12_WI0720100_NIBRS",,0
2016,7373788,21053,11,2016,"I",,"Y","F","C","2016_11_WI0290000_NIBRS",15722380,0
2016,7396572,21053,12,2016,"I",,"Y","F","C","2016_12_WI0290000_NIBRS",17168263,0
2016,7351207,21256,10,2016,"I",,"Y","F","C","2016_10_WI0640000_NIBRS",9925923,0
2016,7373991,21256,11,2016,"I",,"Y","F","C","2016_11_WI0640000_NIBRS",9925961,0
2016,7396775,21256,12,2016,"I",,"Y","F","C","2016_12_WI0640000_NIBRS",9926011,0
2016,7396622,21103,12,2016,"U",,"N","F","C","2016_12_WI0371300_NIBRS",,0
2016,7373836,21101,11,2016,"U",,"N","F","C","2016_11_WI0370900_NIBRS",,0
2016,7396620,21101,12,2016,"U",,"N","F","C","2016_12_WI0370900_NIBRS",,0
2016,7351191,21240,10,2016,"U",,"N","F","C","2016_10_WI0620000_NIBRS",,0
2016,7373975,21240,11,2016,"U",,"N","F","C","2016_11_WI0620000_NIBRS",,0
2016,7396759,21240,12,2016,"U",,"N","F","C","2016_12_WI0620000_NIBRS",,0
2016,7350994,21043,10,2016,"U",,"N","F","C","2016_10_WI0270000_NIBRS",,0
2016,7373778,21043,11,2016,"U",,"N","F","C","2016_11_WI0270000_NIBRS",,0
2016,7396562,21043,12,2016,"U",,"N","F","C","2016_12_WI0270000_NIBRS",,0
2016,7396498,20979,12,2016,"U",,"N","F","C","2016_12_WI0137700_NIBRS",,0
2016,7351015,21064,10,2016,"I",,"Y","F","C","2016_10_WI0310000_NIBRS",3735950,0
2016,7373799,21064,11,2016,"I",,"Y","F","C","2016_11_WI0310000_NIBRS",6589440,0
2016,7396583,21064,12,2016,"I",,"Y","F","C","2016_12_WI0310000_NIBRS",6589516,0
2016,7373663,20928,11,2016,"I",,"Y","F","C","2016_11_WI0070000_NIBRS",6901019,0
2016,7396447,20928,12,2016,"I",,"Y","F","C","2016_12_WI0070000_NIBRS",9847419,0
2016,7351226,21275,10,2016,"I",,"Y","F","C","2016_10_WI0660000_NIBRS",2381599,0
2016,7374010,21275,11,2016,"I",,"Y","F","C","2016_11_WI0660000_NIBRS",1388077,0
2016,7396794,21275,12,2016,"I",,"Y","F","C","2016_12_WI0660000_NIBRS",2381392,0
2016,7374014,21279,11,2016,"U",,"N","F","C","2016_11_WI0670200_NIBRS",,0
2016,7396798,21279,12,2016,"U",,"N","F","C","2016_12_WI0670200_NIBRS",,0
2016,7351179,21228,10,2016,"I",,"Y","F","C","2016_10_WI0580000_NIBRS",6643673,0
2016,7373963,21228,11,2016,"I",,"Y","F","C","2016_11_WI0580000_NIBRS",6643802,0
2016,7396747,21228,12,2016,"I",,"Y","F","C","2016_12_WI0580000_NIBRS",6960078,0
2016,7396478,20959,12,2016,"I",,"Y","F","C","2016_12_WI0130500_NIBRS",9839510,0
2016,7396455,20936,12,2016,"I",,"Y","F","C","2016_12_WI0090100_NIBRS",6540761,0
2016,7373870,21135,11,2016,"I",,"Y","F","C","2016_11_WI0411800_NIBRS",6612362,0
2016,7396654,21135,12,2016,"I",,"Y","F","C","2016_12_WI0411800_NIBRS",3657055,0
2016,7396736,21217,12,2016,"I",,"Y","F","C","2016_12_WI0560100_NIBRS",9923064,0
